   111 -0.106600 0.046400 -0.060400 -0.014317 0.006061 -0.999879 -0.192264 -0.981338 -0.003269 -0.981239 0.192194 0.015215 0.999947
   112 -0.106600 0.046400 -0.060400 -0.192263 -0.981338 -0.003220 0.014326 -0.006014 0.999879 -0.981239 0.192194 0.015215 -0.006282
   113 -0.106600 0.046400 -0.060400 -0.014326 0.006014 -0.999879 -0.192263 -0.981338 -0.003220 -0.981239 0.192194 0.015215 -0.010312
   121 -0.102000 0.063100 -0.025600 -0.008707 0.007217 -0.999937 -0.250564 -0.968088 -0.004814 -0.968061 0.250506 0.010237 1.005736
   122 -0.102000 0.063100 -0.025600 -0.008696 0.007260 -0.999936 -0.250565 -0.968088 -0.004859 -0.968061 0.250506 0.010237 0.001324
   123 -0.102000 0.063100 -0.025600 -0.250565 -0.968088 -0.004859 0.008696 -0.007260 0.999936 -0.968061 0.250506 0.010237 -0.001182
   131 -0.108500 0.030200 -0.026600 0.003242 0.002529 -0.999992 -0.086116 -0.996281 -0.002762 -0.996280 0.086124 -0.003012 1.000752
   132 -0.108500 0.030200 -0.026600 0.003634 0.002206 -0.999991 -0.086371 -0.996260 -0.002474 -0.996256 0.086379 -0.003430 -0.014423
   133 -0.108500 0.030200 -0.026600 -0.086371 -0.996260 -0.002474 -0.003634 -0.002206 0.999991 -0.996256 0.086379 -0.003430 -0.000452
   141 -0.109900 0.013100 -0.062700 -0.033847 0.002645 -0.999424 -0.026425 -0.999649 -0.001812 -0.999077 0.026349 0.033905 0.998982
   142 -0.109900 0.013100 -0.062700 -0.026414 -0.999650 -0.001479 0.033856 -0.002313 0.999424 -0.999078 0.026349 0.033905 -0.006776
   143 -0.109900 0.013100 -0.062700 -0.033856 0.002313 -0.999424 -0.026414 -0.999650 -0.001479 -0.999078 0.026349 0.033905 0.003945
   211 -0.107400 0.032900 0.008000 -0.057311 0.008415 -0.998321 -0.100662 -0.994917 -0.002641 -0.993269 0.100342 0.057866 1.002306
   212 -0.107400 0.032900 0.008000 -0.100657 -0.994918 -0.002547 0.057320 -0.008321 0.998321 -0.993269 0.100342 0.057866 -0.006669
   213 -0.107400 0.032900 0.008000 -0.057320 0.008321 -0.998321 -0.100657 -0.994918 -0.002547 -0.993269 0.100342 0.057866 0.003569
   221 -0.098900 0.040300 0.041300 -0.346644 0.060418 -0.936049 -0.159352 -0.987211 -0.004695 -0.924361 0.147533 0.351838 1.002149
   222 -0.098900 0.040300 0.041300 -0.346006 0.060251 -0.936296 -0.159089 -0.987253 -0.004726 -0.924646 0.147318 0.351180 0.004567
   223 -0.098900 0.040300 0.041300 -0.159089 -0.987253 -0.004726 0.346006 -0.060251 0.936296 -0.924646 0.147318 0.351180 0.000374
   231 -0.101100 0.004400 0.040800 -0.351686 0.008836 -0.936076 0.043064 -0.998745 -0.025599 -0.935127 -0.049314 0.350864 1.002467
   232 -0.101100 0.004400 0.040800 -0.351123 0.008749 -0.936289 0.042655 -0.998769 -0.025321 -0.935358 -0.048829 0.350317 0.004923
   233 -0.101100 0.004400 0.040800 0.042655 -0.998769 -0.025321 0.351123 -0.008749 0.936289 -0.935358 -0.048829 0.350317 0.000579
   241 -0.108300 -0.001100 0.007100 -0.072067 -0.010744 -0.997342 0.087512 -0.996154 0.004446 -0.993554 -0.086959 0.072730 0.998753
   242 -0.108300 -0.001100 0.007100 0.087518 -0.996153 0.004522 0.072061 0.010819 0.997342 -0.993554 -0.086959 0.072730 -0.004269
   243 -0.108300 -0.001100 0.007100 -0.072061 -0.010819 -0.997342 0.087518 -0.996153 0.004522 -0.993554 -0.086959 0.072730 0.006538
   311 -0.086100 0.098800 0.009000 -0.039627 0.120645 -0.991905 -0.484622 -0.870434 -0.086523 -0.873826 0.477270 0.092960 1.001675
   312 -0.086100 0.098800 0.009000 -0.484621 -0.870437 -0.086494 0.039641 -0.120620 0.991907 -0.873826 0.477270 0.092960 0.000117
   313 -0.086100 0.098800 0.009000 -0.039641 0.120620 -0.991907 -0.484621 -0.870437 -0.086494 -0.873826 0.477270 0.092960 -0.007038
   321 -0.088700 0.075700 0.041200 -0.353990 0.119960 -0.927524 -0.366860 -0.930067 0.019724 -0.860294 0.347253 0.373243 1.004830
   322 -0.088700 0.075700 0.041200 -0.354020 0.119885 -0.927522 -0.366831 -0.930077 0.019800 -0.860294 0.347253 0.373243 0.000623
   323 -0.088700 0.075700 0.041200 -0.366831 -0.930077 0.019800 0.354020 -0.119885 0.927522 -0.860294 0.347253 0.373243 0.000206
   331 -0.070200 0.075800 0.070700 -0.594851 0.229073 -0.770504 -0.391063 -0.919927 0.028361 -0.702311 0.318187 0.636802 0.998858
   332 -0.070200 0.075800 0.070700 -0.391072 -0.919923 0.028350 0.594846 -0.229087 0.770505 -0.702311 0.318187 0.636802 -0.005372
   333 -0.070200 0.075800 0.070700 -0.594846 0.229087 -0.770505 -0.391072 -0.919923 0.028350 -0.702311 0.318187 0.636802 -0.003070
   341 -0.100300 0.065900 0.008100 -0.072891 0.026879 -0.996977 -0.284800 -0.958574 -0.005029 -0.955812 0.283573 0.077526 1.002176
   342 -0.100300 0.065900 0.008100 -0.284796 -0.958575 -0.004971 0.072908 -0.026824 0.996978 -0.955812 0.283573 0.077526 -0.002123
   343 -0.100300 0.065900 0.008100 -0.072908 0.026824 -0.996978 -0.284796 -0.958575 -0.004971 -0.955812 0.283573 0.077526 0.003059
   411 -0.080800 0.041300 0.072000 -0.641533 0.048894 -0.765536 -0.133511 -0.989853 0.048643 -0.755390 0.133414 0.641551 1.004036
   412 -0.080800 0.041300 0.072000 -0.133610 -0.989835 0.048726 0.641250 -0.048845 0.765776 -0.755612 0.133561 0.641258 -0.003871
   413 -0.080800 0.041300 0.072000 -0.641250 0.048845 -0.765776 -0.133610 -0.989835 0.048726 -0.755612 0.133561 0.641258 0.001065
   421 -0.052600 0.040600 0.095200 -0.876528 -0.019218 -0.480966 -0.054468 -0.988830 0.138743 -0.478260 0.147809 0.865690 1.003585
   422 -0.052600 0.040600 0.095200 -0.876528 -0.019216 -0.480967 -0.054470 -0.988829 0.138742 -0.478260 0.147809 0.865690 -0.013248
   423 -0.052600 0.040600 0.095200 -0.054470 -0.988829 0.138742 0.876528 0.019216 0.480967 -0.478260 0.147809 0.865690 -0.001048
   431 -0.053700 0.005900 0.096900 -0.872235 -0.018152 -0.488750 0.031498 -0.999318 -0.019263 -0.488068 -0.032196 0.872211 0.997760
   432 -0.053700 0.005900 0.096900 -0.872242 -0.017916 -0.488746 0.031292 -0.999322 -0.019378 -0.488068 -0.032196 0.872212 -0.009998
   433 -0.053700 0.005900 0.096900 0.031292 -0.999322 -0.019378 0.872242 0.017916 0.488746 -0.488068 -0.032196 0.872212 0.000622
   441 -0.082900 0.006200 0.072800 -0.643654 0.002359 -0.765313 0.045426 -0.998116 -0.041243 -0.763968 -0.061312 0.642334 1.001634
   442 -0.082900 0.006200 0.072800 0.045408 -0.998116 -0.041265 0.643655 -0.002387 0.765312 -0.763969 -0.061312 0.642334 -0.002138
   443 -0.082900 0.006200 0.072800 -0.643655 0.002387 -0.765312 0.045408 -0.998116 -0.041265 -0.763969 -0.061312 0.642334 -0.001132
   511 -0.063700 0.125400 0.013600 0.015407 0.221982 -0.974929 -0.790493 -0.594359 -0.147842 -0.612276 0.772953 0.166318 1.000517
   512 -0.063700 0.125400 0.013600 -0.790494 -0.594372 -0.147784 -0.015360 -0.221947 0.974938 -0.612276 0.772953 0.166319 -0.002586
   513 -0.063700 0.125400 0.013600 0.015360 0.221947 -0.974938 -0.790494 -0.594372 -0.147784 -0.612276 0.772953 0.166319 -0.001642
   521 -0.033200 0.139700 0.017400 0.009375 0.222780 -0.974824 -0.956880 -0.281052 -0.073417 -0.290333 0.933478 0.210538 0.998479
   522 -0.033200 0.139700 0.017400 -0.956880 -0.281061 -0.073380 -0.009338 -0.222769 0.974827 -0.290333 0.933478 0.210538 -0.006299
   523 -0.033200 0.139700 0.017400 0.009338 0.222769 -0.974827 -0.956880 -0.281061 -0.073380 -0.290333 0.933478 0.210538 -0.001654
   531 -0.033700 0.127400 0.048500 -0.051758 0.468243 -0.882082 -0.961892 -0.260825 -0.082063 -0.268495 0.844221 0.463899 0.998749
   532 -0.033700 0.127400 0.048500 -0.051717 0.468254 -0.882079 -0.961894 -0.260805 -0.082100 -0.268495 0.844221 0.463899 0.001017
   533 -0.033700 0.127400 0.048500 -0.961894 -0.260805 -0.082100 0.051717 -0.468254 0.882079 -0.268495 0.844221 0.463899 0.000663
   541 -0.067200 0.108900 0.044300 -0.175569 0.381758 -0.907434 -0.708812 -0.688705 -0.152547 -0.683191 0.616417 0.391510 1.002708
   542 -0.067200 0.108900 0.044300 -0.175569 0.381758 -0.907434 -0.708812 -0.688705 -0.152547 -0.683191 0.616417 0.391510 0.001074
   543 -0.067200 0.108900 0.044300 -0.708812 -0.688705 -0.152547 0.175569 -0.381758 0.907434 -0.683191 0.616417 0.391510 0.001263
   611 -0.035800 0.104800 0.075000 -0.008296 0.768036 -0.640353 -0.956704 -0.192396 -0.218405 -0.290944 0.610817 0.736380 0.996792
   612 -0.035800 0.104800 0.075000 -0.956706 -0.192297 -0.218487 0.008173 -0.768061 0.640325 -0.290944 0.610817 0.736379 -0.003959
   613 -0.035800 0.104800 0.075000 -0.008173 0.768061 -0.640325 -0.956706 -0.192297 -0.218487 -0.290944 0.610817 0.736379 0.000094
   621 0.000100 0.077500 0.096700 0.000135 0.917486 -0.397769 -1.000000 -0.000165 -0.000939 -0.000928 0.397769 0.917485 0.998535
   622 0.000100 0.077500 0.096700 0.000200 0.917486 -0.397769 -1.000000 -0.000105 -0.000966 -0.000928 0.397769 0.917485 -0.006513
   623 0.000100 0.077500 0.096700 -1.000000 -0.000105 -0.000966 -0.000200 -0.917486 0.397769 -0.000928 0.397769 0.917485 -0.007036
   631 -0.018400 0.044000 0.106300 0.006799 0.983409 -0.181277 -0.991119 -0.017355 -0.131839 -0.132797 0.180564 0.974557 0.996598
   632 -0.018400 0.044000 0.106300 -0.991119 -0.017263 -0.131856 -0.006892 -0.983410 0.181265 -0.132797 0.180564 0.974557 -0.009864
   633 -0.018400 0.044000 0.106300 0.006892 0.983410 -0.181265 -0.991119 -0.017263 -0.131856 -0.132797 0.180564 0.974557 0.000703
   641 -0.036800 0.075300 0.092200 -0.025940 0.897549 -0.440150 -0.951644 -0.156967 -0.264074 -0.306108 0.412016 0.858219 1.001355
   642 -0.036800 0.075300 0.092200 -0.026055 0.897758 -0.439718 -0.951829 -0.156687 -0.263575 -0.305524 0.411669 0.858594 -0.003549
   643 -0.036800 0.075300 0.092200 -0.951829 -0.156687 -0.263575 0.026055 -0.897758 0.439718 -0.305524 0.411669 0.858594 -0.002051
   711 -0.018500 0.010500 0.109600 -0.988735 -0.012030 -0.149192 0.014252 -0.999799 -0.014080 -0.148993 -0.016047 0.988708 0.992620
   712 -0.018500 0.010500 0.109600 0.014026 -0.999809 -0.013624 0.988730 0.011873 0.149237 -0.149046 -0.015563 0.988708 -0.003721
   713 -0.018500 0.010500 0.109600 -0.988730 -0.011873 -0.149237 0.014026 -0.999809 -0.013624 -0.149046 -0.015563 0.988708 -0.001277
   721 0.018600 0.010500 0.109600 0.987980 -0.007257 -0.154414 0.002672 0.999553 -0.029801 0.154561 0.029031 0.987557 0.995534
   722 0.018600 0.010500 0.109600 0.002708 0.999535 -0.030380 -0.987865 0.007403 0.155139 0.155291 0.029591 0.987425 -0.005861
   723 0.018600 0.010500 0.109600 0.987865 -0.007403 -0.155139 0.002708 0.999535 -0.030380 0.155291 0.029591 0.987425 -0.008481
   731 0.018600 -0.023300 0.105900 -0.036425 -0.970475 -0.238436 0.987740 0.001263 -0.156100 0.151793 -0.241199 0.958531 0.997502
   732 0.018600 -0.023300 0.105900 0.987738 0.001198 -0.156116 0.036492 0.970475 0.238425 0.151793 -0.241199 0.958531 -0.006690
   733 0.018600 -0.023300 0.105900 -0.036492 -0.970475 -0.238425 0.987738 0.001198 -0.156116 0.151793 -0.241199 0.958531 -0.000336
   741 -0.018500 -0.023700 0.105800 0.039182 -0.970327 -0.238601 0.992200 0.009422 0.124296 -0.118360 -0.241610 0.963128 0.998841
   742 -0.018500 -0.023700 0.105800 0.992203 0.009367 0.124282 -0.039125 0.970327 0.238608 -0.118360 -0.241610 0.963128 -0.006694
   743 -0.018500 -0.023700 0.105800 0.039125 -0.970327 -0.238608 0.992203 0.009367 0.124282 -0.118360 -0.241610 0.963128 0.000559
   811 0.000100 0.144500 0.018700 -0.000249 0.251731 -0.967797 -0.999944 -0.010337 -0.002395 -0.010606 0.967742 0.251720 0.997658
   812 0.000100 0.144500 0.018700 -0.999944 -0.010350 -0.002345 0.000300 -0.251731 0.967797 -0.010606 0.967742 0.251720 -0.012173
   813 0.000100 0.144500 0.018700 -0.000300 0.251731 -0.967797 -0.999944 -0.010350 -0.002345 -0.010606 0.967742 0.251720 -0.002424
   821 0.000100 0.131600 0.050000 0.000664 0.495215 -0.868770 -0.999990 -0.003597 -0.002726 -0.004475 0.868763 0.495207 1.000098
   822 0.000100 0.131600 0.050000 0.000709 0.495215 -0.868770 -0.999990 -0.003575 -0.002765 -0.004475 0.868764 0.495207 -0.004707
   823 0.000100 0.131600 0.050000 -0.999990 -0.003575 -0.002765 -0.000709 -0.495215 0.868770 -0.004475 0.868764 0.495207 -0.003767
   911 0.033100 0.139700 0.017300 -0.005190 0.236680 -0.971574 -0.965401 0.252123 0.066591 0.260717 0.938304 0.227183 0.998257
   912 0.033100 0.139700 0.017300 -0.965401 0.252109 0.066648 0.005247 -0.236695 0.971570 0.260717 0.938304 0.227183 -0.003458
   913 0.033100 0.139700 0.017300 -0.005247 0.236695 -0.971570 -0.965401 0.252109 0.066648 0.260717 0.938304 0.227183 -0.001780
   921 0.063800 0.125300 0.013500 -0.022409 0.217461 -0.975812 -0.781557 0.604831 0.152802 0.623429 0.766077 0.156404 1.003446
   922 0.063800 0.125300 0.013500 -0.781558 0.604840 0.152762 0.022377 -0.217437 0.975818 0.623429 0.766077 0.156404 -0.005324
   923 0.063800 0.125300 0.013500 -0.022377 0.217437 -0.975818 -0.781558 0.604840 0.152762 0.623429 0.766077 0.156404 0.000361
   931 0.067100 0.108800 0.044400 0.176559 0.378421 -0.908639 -0.715379 0.683402 0.145586 0.676058 0.624316 0.391375 1.001120
   932 0.067100 0.108800 0.044400 0.176532 0.378447 -0.908633 -0.715385 0.683388 0.145620 0.676058 0.624316 0.391375 -0.004518
   933 0.067100 0.108800 0.044400 -0.715385 0.683388 0.145620 -0.176532 -0.378447 0.908633 0.676058 0.624316 0.391375 0.000662
   941 0.033800 0.127300 0.048600 0.055671 0.469548 -0.881150 -0.962919 0.258570 0.076997 0.263993 0.844189 0.466532 1.000746
   942 0.033800 0.127300 0.048600 0.055795 0.469515 -0.881160 -0.962912 0.258630 0.076884 0.263993 0.844189 0.466532 -0.002981
   943 0.033800 0.127300 0.048600 -0.962912 0.258630 0.076884 -0.055795 -0.469515 0.881160 0.263993 0.844189 0.466532 0.004758
  1011 0.000100 0.109300 0.077100 0.000931 0.757482 -0.652855 -0.999742 -0.014154 -0.017762 -0.022696 0.652704 0.757273 0.999201
  1012 0.000100 0.109300 0.077100 -0.999742 -0.014129 -0.017783 -0.000963 -0.757483 0.652855 -0.022696 0.652704 0.757273 -0.009993
  1013 0.000100 0.109300 0.077100 0.000963 0.757483 -0.652855 -0.999742 -0.014129 -0.017783 -0.022696 0.652704 0.757273 0.000000
  1021 0.035800 0.104800 0.075000 0.005484 0.765367 -0.643571 -0.962603 0.178383 0.203898 0.270859 0.618385 0.737723 1.000312
  1022 0.035800 0.104800 0.075000 -0.962603 0.178433 0.203856 -0.005547 -0.765355 0.643584 0.270859 0.618385 0.737723 -0.000815
  1023 0.035800 0.104800 0.075000 0.005547 0.765355 -0.643584 -0.962603 0.178433 0.203856 0.270859 0.618385 0.737723 -0.000239
  1031 0.036800 0.075200 0.092300 0.030101 0.897303 -0.440389 -0.950633 0.161824 0.264784 0.308856 0.410678 0.857876 1.001614
  1032 0.036800 0.075200 0.092300 0.030142 0.897295 -0.440400 -0.950631 0.161863 0.264765 0.308856 0.410678 0.857876 -0.005876
  1033 0.036800 0.075200 0.092300 -0.950631 0.161863 0.264765 -0.030142 -0.897295 0.440400 0.308856 0.410678 0.857876 0.001774
  1041 0.018400 0.044200 0.106200 -0.013801 0.979695 -0.200017 -0.991663 0.012222 0.128275 0.128115 0.200119 0.971359 0.998600
  1042 0.018400 0.044200 0.106200 -0.991665 0.012342 0.128250 0.013679 -0.979694 0.200033 0.128115 0.200119 0.971359 -0.008994
  1043 0.018400 0.044200 0.106200 -0.013679 0.979694 -0.200033 -0.991665 0.012342 0.128250 0.128115 0.200119 0.971359 -0.000915
  1111 0.052500 0.040600 0.095300 0.872909 -0.018409 -0.487535 -0.056030 0.988890 -0.137689 0.484652 0.147506 0.862180 0.999884
  1112 0.052500 0.040600 0.095300 0.872913 -0.018480 -0.487525 -0.055968 0.988888 -0.137723 0.484652 0.147506 0.862180 -0.003506
  1113 0.052500 0.040600 0.095300 -0.055968 0.988888 -0.137723 -0.872913 0.018480 0.487525 0.484652 0.147506 0.862180 -0.000370
  1121 0.080900 0.041300 0.072100 0.641640 0.051642 -0.765265 -0.169714 0.982559 -0.076003 0.747993 0.178643 0.639213 1.001714
  1122 0.080900 0.041300 0.072100 -0.169662 0.982562 -0.076064 -0.641654 -0.051564 0.765259 0.747993 0.178643 0.639213 -0.007772
  1123 0.080900 0.041300 0.072100 0.641654 0.051564 -0.765259 -0.169662 0.982562 -0.076064 0.747993 0.178643 0.639213 -0.002675
  1131 0.082800 0.006100 0.072800 0.639467 0.000998 -0.768818 0.011335 0.999878 0.010764 0.768734 -0.015598 0.639378 0.999423
  1132 0.082800 0.006100 0.072800 0.011515 0.999878 0.010548 -0.639464 -0.000717 0.768820 0.768735 -0.015598 0.639378 -0.006462
  1133 0.082800 0.006100 0.072800 0.639464 0.000717 -0.768820 0.011515 0.999878 0.010548 0.768735 -0.015598 0.639378 0.000058
  1141 0.053500 0.006200 0.097000 0.870252 -0.017834 -0.492284 0.031485 0.999314 0.019463 0.491599 -0.032438 0.870217 1.001665
  1142 0.053500 0.006200 0.097000 0.869849 -0.018214 -0.492981 0.031736 0.999314 0.019082 0.492296 -0.032244 0.869831 -0.000541
  1143 0.053500 0.006200 0.097000 0.031736 0.999314 0.019082 -0.869849 0.018214 0.492981 0.492296 -0.032244 0.869831 0.000373
  1211 0.086200 0.098600 0.008900 0.052493 0.123681 -0.990933 -0.503662 0.860127 0.080663 0.862304 0.494861 0.107444 0.999851
  1212 0.086200 0.098600 0.008900 -0.503658 0.860135 0.080598 -0.052526 -0.123625 0.990938 0.862304 0.494861 0.107444 -0.007332
  1213 0.086200 0.098600 0.008900 0.052526 0.123625 -0.990938 -0.503658 0.860135 0.080598 0.862304 0.494861 0.107444 -0.000279
  1221 0.100300 0.066000 0.008200 0.070576 0.028693 -0.997094 -0.315208 0.949009 0.005060 0.946396 0.313935 0.076022 1.001031
  1222 0.100300 0.066000 0.008200 -0.315205 0.949010 0.005023 -0.070588 -0.028658 0.997094 0.946396 0.313935 0.076022 -0.008756
  1223 0.100300 0.066000 0.008200 0.070588 0.028658 -0.997094 -0.315205 0.949010 0.005023 0.946396 0.313935 0.076022 -0.004574
  1231 0.088700 0.075700 0.041200 0.351065 0.118790 -0.928785 -0.372726 0.927674 -0.022266 0.858965 0.354000 0.369949 0.999278
  1232 0.088700 0.075700 0.041200 0.351097 0.118711 -0.928784 -0.372697 0.927684 -0.022345 0.858965 0.354000 0.369949 -0.003071
  1233 0.088700 0.075700 0.041200 -0.372697 0.927684 -0.022345 -0.351097 -0.118711 0.928784 0.858965 0.354000 0.369949 -0.000952
  1241 0.069900 0.075800 0.070900 0.610689 0.237440 -0.755435 -0.424863 0.903302 -0.059468 0.668266 0.357272 0.652516 1.002501
  1242 0.069900 0.075800 0.070900 -0.424718 0.903359 -0.059647 -0.610789 -0.237226 0.755421 0.668266 0.357272 0.652516 -0.006299
  1243 0.069900 0.075800 0.070900 0.610789 0.237226 -0.755421 -0.424718 0.903359 -0.059647 0.668266 0.357272 0.652516 -0.000799
  1311 0.098900 0.040400 0.041300 0.343407 0.060830 -0.937215 -0.163468 0.986541 0.004071 0.924848 0.151806 0.348728 1.000569
  1312 0.098900 0.040400 0.041300 0.343433 0.060671 -0.937215 -0.163412 0.986550 0.003920 0.924848 0.151806 0.348728 0.001393
  1313 0.098900 0.040400 0.041300 -0.163412 0.986550 0.003920 -0.343433 -0.060671 0.937215 0.924848 0.151806 0.348728 -0.000488
  1321 0.107400 0.032900 0.008100 0.065456 0.012146 -0.997782 -0.133697 0.991017 0.003295 0.988858 0.133185 0.066492 0.998949
  1322 0.107400 0.032900 0.008100 -0.133810 0.991003 0.002924 -0.064778 -0.011689 0.997831 0.988888 0.133331 0.065759 -0.008224
  1323 0.107400 0.032900 0.008100 0.064778 0.011689 -0.997831 -0.133810 0.991003 0.002924 0.988888 0.133331 0.065759 0.004059
  1331 0.108300 -0.001100 0.006800 0.050971 -0.002043 -0.998698 0.054954 0.998489 0.000798 0.997187 -0.054923 0.051006 0.999911
  1332 0.108300 -0.001100 0.006800 0.054967 0.998488 0.000538 -0.050956 0.002303 0.998698 0.997187 -0.054923 0.051006 -0.006703
  1333 0.108300 -0.001100 0.006800 0.050956 -0.002303 -0.998698 0.054967 0.998488 0.000538 0.997187 -0.054923 0.051006 -0.002301
  1341 0.101000 0.004400 0.041000 0.347641 0.008215 -0.937592 0.037383 0.999046 0.022573 0.936882 -0.042898 0.347003 1.001725
  1342 0.101000 0.004400 0.041000 0.347635 0.008048 -0.937595 0.037441 0.999047 0.022417 0.936882 -0.042898 0.347003 -0.007727
  1343 0.101000 0.004400 0.041000 0.037441 0.999047 0.022417 -0.347635 -0.008048 0.937595 0.936882 -0.042898 0.347003 -0.001759
  1411 0.102000 0.063000 -0.026000 -0.009533 0.004978 -0.999942 -0.275147 0.961374 0.007429 0.961355 0.275202 -0.007795 0.998064
  1412 0.102000 0.063000 -0.026000 -0.009507 0.004888 -0.999943 -0.275148 0.961374 0.007336 0.961355 0.275202 -0.007795 -0.022879
  1413 0.102000 0.063000 -0.026000 -0.275148 0.961374 0.007336 0.009507 -0.004888 0.999943 0.961355 0.275202 -0.007795 -0.001064
  1421 0.106500 0.046900 -0.060000 0.018426 0.009470 -0.999785 -0.173984 0.984729 0.006112 0.984576 0.173835 0.019792 0.998026
  1422 0.106500 0.046900 -0.060000 -0.173984 0.984730 0.006096 -0.018429 -0.009454 0.999785 0.984576 0.173835 0.019792 -0.006443
  1423 0.106500 0.046900 -0.060000 0.018429 0.009454 -0.999785 -0.173984 0.984730 0.006096 0.984576 0.173835 0.019792 -0.007455
  1431 0.109800 0.013100 -0.062200 0.030601 0.004880 -0.999519 -0.006260 0.999970 0.004649 0.999512 0.006115 0.030630 0.995093
  1432 0.109800 0.013100 -0.062200 -0.006251 0.999971 0.004341 -0.030603 -0.004572 0.999521 0.999512 0.006115 0.030630 -0.007110
  1433 0.109800 0.013100 -0.062200 0.030603 0.004572 -0.999521 -0.006251 0.999971 0.004341 0.999512 0.006115 0.030630 -0.004925
  1441 0.108300 0.030100 -0.026200 -0.003820 0.004802 -0.999981 -0.101360 0.994836 0.005234 0.994842 0.101379 -0.003313 0.999620
  1442 0.108300 0.030100 -0.026200 -0.003810 0.004704 -0.999982 -0.101361 0.994836 0.005136 0.994842 0.101379 -0.003313 -0.022199
  1443 0.108300 0.030100 -0.026200 -0.101361 0.994836 0.005136 0.003810 -0.004704 0.999982 0.994842 0.101379 -0.003313 -0.000107
  1511 -0.108800 -0.003200 -0.028400 0.009804 -0.000002 -0.999952 0.091793 -0.995778 0.000845 -0.995730 -0.091797 -0.009763 0.999304
  1512 -0.108800 -0.003200 -0.028400 0.010188 -0.000095 -0.999948 0.090920 -0.995858 0.000964 -0.995806 -0.090925 -0.010138 -0.009414
  1513 -0.108800 -0.003200 -0.028400 0.090920 -0.995858 0.000964 -0.010188 0.000095 0.999948 -0.995806 -0.090925 -0.010138 0.000806
  1521 -0.101700 -0.036000 -0.028100 0.025117 0.001761 -0.999683 0.348376 -0.937327 0.007144 -0.937018 -0.348444 -0.024156 0.998999
  1522 -0.101700 -0.036000 -0.028100 0.025139 0.001702 -0.999683 0.348374 -0.937328 0.007207 -0.937018 -0.348444 -0.024156 0.002520
  1523 -0.101700 -0.036000 -0.028100 0.348374 -0.937328 0.007207 -0.025139 -0.001702 0.999683 -0.937018 -0.348444 -0.024156 0.000427
  1531 -0.095100 -0.052400 -0.062300 -0.019352 -0.001798 -0.999812 0.456889 -0.889494 -0.007215 -0.889313 -0.456943 0.018035 0.999677
  1532 -0.095100 -0.052400 -0.062300 0.456891 -0.889494 -0.007151 0.019322 0.001855 0.999812 -0.889313 -0.456943 0.018035 -0.002378
  1533 -0.095100 -0.052400 -0.062300 -0.019322 -0.001855 -0.999812 0.456891 -0.889494 -0.007151 -0.889313 -0.456943 0.018035 0.012851
  1541 -0.106800 -0.020500 -0.062500 -0.025676 -0.000472 -0.999670 0.192646 -0.981258 -0.004497 -0.980932 -0.192699 0.025286 0.999365
  1542 -0.106800 -0.020500 -0.062500 0.192651 -0.981258 -0.004322 0.025642 0.000644 0.999671 -0.980932 -0.192699 0.025286 -0.001857
  1543 -0.106800 -0.020500 -0.062500 -0.025642 -0.000644 -0.999671 0.192651 -0.981258 -0.004322 -0.980932 -0.192699 0.025286 0.003488
  1611 -0.101700 -0.033900 0.005600 -0.071415 -0.032609 -0.996914 0.333831 -0.942607 0.006970 -0.939925 -0.332303 0.078202 1.000727
  1612 -0.101700 -0.033900 0.005600 0.333836 -0.942605 0.007035 0.071393 0.032670 0.996913 -0.939925 -0.332303 0.078202 -0.002651
  1613 -0.101700 -0.033900 0.005600 -0.071393 -0.032670 -0.996913 0.333836 -0.942605 0.007035 -0.939925 -0.332303 0.078202 -0.003418
  1621 -0.095200 -0.030800 0.039100 -0.325483 -0.058441 -0.943740 0.308015 -0.950205 -0.047299 -0.893982 -0.306081 0.327277 1.002611
  1622 -0.095200 -0.030800 0.039100 -0.324725 -0.058205 -0.944016 0.307708 -0.950311 -0.047164 -0.894364 -0.305796 0.326500 0.004375
  1623 -0.095200 -0.030800 0.039100 0.307708 -0.950311 -0.047164 0.324725 0.058205 0.944016 -0.894364 -0.305796 0.326500 0.000848
  1631 -0.078100 -0.062800 0.039400 -0.264519 -0.203429 -0.942680 0.599318 -0.800499 0.004546 -0.755539 -0.563762 0.333667 1.000172
  1632 -0.078100 -0.062800 0.039400 -0.264426 -0.203353 -0.942723 0.599522 -0.800346 0.004450 -0.755410 -0.564006 0.333547 0.001683
  1633 -0.078100 -0.062800 0.039400 0.599522 -0.800346 0.004450 0.264426 0.203353 0.942723 -0.755410 -0.564006 0.333547 0.001490
  1641 -0.086600 -0.064000 0.005500 -0.064203 -0.050767 -0.996645 0.570453 -0.821315 0.005034 -0.818815 -0.568215 0.081691 1.002061
  1642 -0.086600 -0.064000 0.005500 0.570062 -0.821586 0.005124 0.063791 0.050543 0.996683 -0.819120 -0.567843 0.081223 -0.006980
  1643 -0.086600 -0.064000 0.005500 -0.063791 -0.050543 -0.996683 0.570062 -0.821586 0.005124 -0.819120 -0.567843 0.081223 -0.007758
  1711 -0.075800 -0.079700 -0.062100 -0.002640 -0.017676 -0.999840 0.671437 -0.740976 0.011283 -0.741057 -0.671300 0.013824 1.001364
  1712 -0.075800 -0.079700 -0.062100 0.671437 -0.740975 0.011311 0.002621 0.017696 0.999840 -0.741057 -0.671300 0.013824 -0.005553
  1713 -0.075800 -0.079700 -0.062100 -0.002621 -0.017696 -0.999840 0.671437 -0.740975 0.011311 -0.741057 -0.671300 0.013824 -0.004316
  1721 -0.086100 -0.066000 -0.028200 0.020511 0.007809 -0.999759 0.582011 -0.813162 0.005585 -0.812922 -0.581986 -0.021223 1.002566
  1722 -0.086100 -0.066000 -0.028200 0.020523 0.007792 -0.999759 0.582011 -0.813162 0.005605 -0.812922 -0.581986 -0.021223 0.005023
  1723 -0.086100 -0.066000 -0.028200 0.582011 -0.813162 0.005605 -0.020523 -0.007792 0.999759 -0.812922 -0.581986 -0.021223 0.000426
  1731 -0.063200 -0.090500 -0.027800 0.017633 0.025920 -0.999508 0.812193 -0.583388 -0.000749 -0.583121 -0.811781 -0.031339 0.996788
  1732 -0.063200 -0.090500 -0.027800 0.017712 0.025863 -0.999509 0.812191 -0.583391 -0.000652 -0.583121 -0.811781 -0.031339 0.008381
  1733 -0.063200 -0.090500 -0.027800 0.812191 -0.583391 -0.000652 -0.017712 -0.025863 0.999509 -0.583121 -0.811781 -0.031339 0.000221
  1741 -0.048900 -0.099400 -0.062100 -0.010782 -0.013322 -0.999853 0.891649 -0.452713 -0.003576 -0.452598 -0.891557 0.016760 1.003034
  1742 -0.048900 -0.099400 -0.062100 0.891649 -0.452713 -0.003563 0.010771 0.013328 0.999853 -0.452598 -0.891557 0.016760 -0.005427
  1743 -0.048900 -0.099400 -0.062100 -0.010771 -0.013328 -0.999853 0.891649 -0.452713 -0.003563 -0.452598 -0.891557 0.016760 -0.007870
  1811 -0.078600 -0.028700 0.069600 -0.622087 -0.042679 -0.781784 0.250785 -0.956765 -0.147337 -0.741695 -0.287716 0.605894 1.000842
  1812 -0.078600 -0.028700 0.069600 0.250778 -0.956765 -0.147346 0.622090 0.042668 0.781782 -0.741695 -0.287716 0.605894 -0.002694
  1813 -0.078600 -0.028700 0.069600 -0.622090 -0.042668 -0.781782 0.250778 -0.956765 -0.147346 -0.741695 -0.287716 0.605894 0.006719
  1821 -0.051800 -0.027700 0.092700 -0.859779 0.024910 -0.510058 0.108007 -0.967301 -0.229487 -0.499096 -0.252398 0.828975 1.000342
  1822 -0.051800 -0.027700 0.092700 -0.859354 0.025166 -0.510761 0.107863 -0.967355 -0.229326 -0.499859 -0.252165 0.828586 0.001900
  1823 -0.051800 -0.027700 0.092700 0.107863 -0.967355 -0.229326 0.859354 -0.025166 0.510761 -0.499859 -0.252165 0.828586 0.000912
  1831 -0.018100 -0.054200 0.092300 0.070192 -0.843277 -0.532876 0.988666 -0.012228 0.149633 -0.132698 -0.537339 0.832861 0.999624
  1832 -0.018100 -0.054200 0.092300 0.070136 -0.843277 -0.532884 0.988670 -0.012275 0.149603 -0.132698 -0.537339 0.832861 -0.004589
  1833 -0.018100 -0.054200 0.092300 0.988670 -0.012275 0.149603 -0.070136 0.843277 0.532884 -0.132698 -0.537339 0.832861 -0.004068
  1841 -0.055200 -0.062700 0.070700 -0.383962 -0.499868 -0.776341 0.776797 -0.629398 0.021079 -0.499165 -0.594966 0.629960 0.995020
  1842 -0.055200 -0.062700 0.070700 0.776799 -0.629396 0.021083 0.383958 0.499871 0.776341 -0.499165 -0.594966 0.629960 -0.004195
  1843 -0.055200 -0.062700 0.070700 -0.383958 -0.499871 -0.776341 0.776799 -0.629396 0.021083 -0.499165 -0.594966 0.629960 -0.000652
  1911 -0.051300 -0.086100 0.039700 -0.155787 -0.303517 -0.940004 0.881279 -0.472551 0.006564 -0.446192 -0.827383 0.341101 1.000283
  1912 -0.051300 -0.086100 0.039700 -0.155760 -0.303531 -0.940004 0.881284 -0.472542 0.006592 -0.446192 -0.827383 0.341101 -0.001552
  1913 -0.051300 -0.086100 0.039700 0.881284 -0.472542 0.006592 0.155760 0.303531 0.940004 -0.446192 -0.827383 0.341101 0.001028
  1921 -0.033500 -0.103300 0.006200 -0.045739 -0.145972 -0.988231 0.960782 -0.277282 -0.003514 -0.273506 -0.949636 0.152929 1.001263
  1922 -0.033500 -0.103300 0.006200 0.960782 -0.277282 -0.003514 0.045739 0.145972 0.988231 -0.273505 -0.949636 0.152929 -0.003106
  1923 -0.033500 -0.103300 0.006200 -0.045739 -0.145972 -0.988231 0.960782 -0.277282 -0.003514 -0.273505 -0.949636 0.152929 -0.001157
  1931 -0.033100 -0.105100 -0.027800 0.007022 0.019922 -0.999777 0.955000 -0.296605 0.000794 -0.296523 -0.954792 -0.021108 0.997738
  1932 -0.033100 -0.105100 -0.027800 0.007105 0.019896 -0.999777 0.954999 -0.296607 0.000880 -0.296523 -0.954792 -0.021108 0.012246
  1933 -0.033100 -0.105100 -0.027800 0.954999 -0.296607 0.000880 -0.007105 -0.019896 0.999777 -0.296523 -0.954792 -0.021108 -0.000606
  1941 -0.063600 -0.088400 0.006000 -0.066640 -0.089453 -0.993759 0.807520 -0.589840 -0.001011 -0.586068 -0.802547 0.111542 1.002272
  1942 -0.063600 -0.088400 0.006000 0.807521 -0.589838 -0.000989 0.066621 0.089467 0.993759 -0.586068 -0.802547 0.111542 -0.004822
  1943 -0.063600 -0.088400 0.006000 -0.066621 -0.089467 -0.993759 0.807521 -0.589838 -0.000989 -0.586068 -0.802547 0.111542 0.000034
  2011 -0.018600 -0.080100 0.069000 -0.000868 -0.619321 -0.785137 0.993139 -0.092349 0.071734 -0.116933 -0.779689 0.615152 0.995842
  2012 -0.018600 -0.080100 0.069000 0.993140 -0.092337 0.071749 0.000848 0.619323 0.785136 -0.116933 -0.779689 0.615152 -0.006118
  2013 -0.018600 -0.080100 0.069000 -0.000848 -0.619323 -0.785136 0.993140 -0.092337 0.071749 -0.116933 -0.779689 0.615152 0.000492
  2021 0.018600 -0.080200 0.068900 0.000176 -0.619853 -0.784718 0.986957 0.126451 -0.099630 0.160985 -0.774466 0.611790 0.999664
  2022 0.018600 -0.080200 0.068900 0.986957 0.126447 -0.099636 -0.000169 0.619854 0.784717 0.160985 -0.774466 0.611790 -0.009243
  2023 0.018600 -0.080200 0.068900 0.000169 -0.619854 -0.784717 0.986957 0.126447 -0.099636 0.160985 -0.774466 0.611790 0.000268
  2031 0.016900 -0.097200 0.039700 0.000224 -0.376042 -0.926603 0.989370 0.134831 -0.054473 0.145419 -0.916741 0.372075 1.000942
  2032 0.016900 -0.097200 0.039700 0.000192 -0.376046 -0.926601 0.989370 0.134819 -0.054503 0.145419 -0.916741 0.372075 -0.002188
  2033 0.016900 -0.097200 0.039700 0.989370 0.134819 -0.054503 -0.000192 0.376046 0.926601 0.145419 -0.916741 0.372075 0.000667
  2041 -0.017000 -0.097200 0.039700 -0.000959 -0.377052 -0.926192 0.990758 -0.125966 0.050312 -0.135639 -0.917583 0.373688 1.000656
  2042 -0.017000 -0.097200 0.039700 -0.000990 -0.377048 -0.926193 0.990758 -0.125977 0.050284 -0.135639 -0.917583 0.373688 -0.001793
  2043 -0.017000 -0.097200 0.039700 0.990758 -0.125977 0.050284 0.000990 0.377048 0.926193 -0.135639 -0.917583 0.373688 0.001919
  2111 0.000000 -0.108600 0.007000 -0.000155 -0.169259 -0.985571 0.999761 0.021488 -0.003861 0.021831 -0.985337 0.169215 0.997584
  2112 0.000000 -0.108600 0.007000 0.999762 0.021500 -0.003788 0.000082 0.169257 0.985572 0.021831 -0.985337 0.169215 -0.009867
  2113 0.000000 -0.108600 0.007000 -0.000082 -0.169257 -0.985572 0.999762 0.021500 -0.003788 0.021831 -0.985337 0.169215 -0.000091
  2121 0.000000 -0.110600 -0.027500 0.000116 0.031455 -0.999505 0.999952 0.009841 0.000442 0.009850 -0.999457 -0.031453 0.998827
  2122 0.000000 -0.110600 -0.027500 0.000044 0.031455 -0.999505 0.999952 0.009844 0.000370 0.009850 -0.999457 -0.031453 0.009251
  2123 0.000000 -0.110600 -0.027500 0.999952 0.009844 0.000370 -0.000044 -0.031455 0.999505 0.009850 -0.999457 -0.031453 0.001962
  2131 0.017000 -0.109800 -0.061800 0.010800 -0.019893 -0.999744 0.987110 0.159864 0.007546 0.159673 -0.986939 0.021363 0.997066
  2132 0.017000 -0.109800 -0.061800 0.987111 0.159862 0.007464 -0.010719 0.019906 0.999744 0.159673 -0.986939 0.021363 -0.009118
  2133 0.017000 -0.109800 -0.061800 0.010719 -0.019906 -0.999744 0.987111 0.159862 0.007464 0.159673 -0.986939 0.021363 -0.008639
  2141 -0.017100 -0.109800 -0.061900 -0.007651 -0.019757 -0.999776 0.982019 -0.188745 -0.003749 -0.188629 -0.981827 0.020846 1.000420
  2142 -0.017100 -0.109800 -0.061900 0.982019 -0.188745 -0.003735 0.007638 0.019760 0.999776 -0.188629 -0.981827 0.020846 -0.001786
  2143 -0.017100 -0.109800 -0.061900 -0.007638 -0.019760 -0.999776 0.982019 -0.188745 -0.003735 -0.188629 -0.981827 0.020846 -0.006708
  2211 0.051700 -0.027600 0.092800 0.859423 0.027529 -0.510524 0.108506 0.965981 0.234751 0.499618 -0.257145 0.827199 0.998281
  2212 0.051700 -0.027600 0.092800 0.859398 0.027304 -0.510578 0.108706 0.965987 0.234632 0.499618 -0.257145 0.827199 -0.005332
  2213 0.051700 -0.027600 0.092800 0.108706 0.965987 0.234632 -0.859398 -0.027304 0.510578 0.499618 -0.257145 0.827199 -0.000044
  2221 0.078600 -0.028400 0.069800 0.626938 -0.042334 -0.777917 0.224218 0.966072 0.128183 0.746098 -0.254786 0.615160 1.000116
  2222 0.078600 -0.028400 0.069800 0.224327 0.966065 0.128048 -0.626900 0.042503 0.777940 0.746098 -0.254786 0.615160 -0.006222
  2223 0.078600 -0.028400 0.069800 0.626900 -0.042503 -0.777940 0.224327 0.966065 0.128048 0.746098 -0.254786 0.615160 0.002603
  2231 0.055300 -0.062800 0.070600 0.371862 -0.486948 -0.790316 0.763810 0.644341 -0.037661 0.527572 -0.589647 0.611542 1.000233
  2232 0.055300 -0.062800 0.070600 0.763785 0.644375 -0.037606 -0.371914 0.486904 0.790319 0.527572 -0.589647 0.611542 -0.003686
  2233 0.055300 -0.062800 0.070600 0.371914 -0.486904 -0.790319 0.763785 0.644375 -0.037606 0.527572 -0.589647 0.611542 -0.000315
  2241 0.018200 -0.054200 0.092200 -0.069359 -0.842691 -0.533911 0.988883 0.012468 -0.148171 0.131519 -0.538253 0.832458 1.000917
  2242 0.018200 -0.054200 0.092200 -0.069561 -0.842694 -0.533881 0.988869 0.012295 -0.148280 0.131519 -0.538253 0.832458 -0.001395
  2243 0.018200 -0.054200 0.092200 0.988869 0.012295 -0.148280 0.069561 0.842694 0.533881 0.131519 -0.538253 0.832458 -0.006019
  2311 0.051300 -0.086100 0.039700 0.154031 -0.304011 -0.940134 0.879612 0.475594 -0.009709 0.450074 -0.825457 0.340667 0.997062
  2312 0.051300 -0.086100 0.039700 0.153995 -0.304030 -0.940134 0.879618 0.475581 -0.009747 0.450074 -0.825457 0.340667 -0.001804
  2313 0.051300 -0.086100 0.039700 0.879618 0.475581 -0.009747 -0.153995 0.304030 0.940134 0.450074 -0.825457 0.340667 0.000770
  2321 0.063700 -0.088400 0.006200 0.058944 -0.074582 -0.995471 0.800473 0.599363 0.002545 0.596458 -0.796999 0.095029 1.002329
  2322 0.063700 -0.088400 0.006200 0.800477 0.599358 0.002482 -0.058893 0.074620 0.995472 0.596458 -0.796999 0.095029 -0.007951
  2323 0.063700 -0.088400 0.006200 0.058893 -0.074620 -0.995472 0.800477 0.599358 0.002482 0.596458 -0.796999 0.095029 -0.002537
  2331 0.033000 -0.105100 -0.027700 -0.003615 0.019538 -0.999803 0.949649 0.313304 0.002676 0.313295 -0.949452 -0.019687 0.999372
  2332 0.033000 -0.105100 -0.027700 -0.003665 0.019521 -0.999803 0.949649 0.313305 0.002623 0.313295 -0.949452 -0.019687 0.009978
  2333 0.033000 -0.105100 -0.027700 0.949649 0.313305 0.002623 0.003665 -0.019521 0.999803 0.313295 -0.949452 -0.019687 0.002009
  2341 0.033300 -0.103400 0.006300 0.043185 -0.128223 -0.990805 0.947358 0.320175 -0.000140 0.317249 -0.938641 0.135300 1.001465
  2342 0.033300 -0.103400 0.006300 0.947360 0.320172 -0.000165 -0.043161 0.128231 0.990805 0.317249 -0.938641 0.135300 -0.006804
  2343 0.033300 -0.103400 0.006300 0.043161 -0.128231 -0.990805 0.947360 0.320172 -0.000165 0.317249 -0.938641 0.135300 -0.000253
  2411 0.095200 -0.030600 0.039200 0.322998 -0.063220 -0.944286 0.306215 0.951075 0.041085 0.895490 -0.302426 0.326554 1.002608
  2412 0.095200 -0.030600 0.039200 0.322321 -0.063029 -0.944530 0.306506 0.950979 0.041153 0.895634 -0.302768 0.325838 -0.013692
  2413 0.095200 -0.030600 0.039200 0.306506 0.950979 0.041153 -0.322321 0.063029 0.944530 0.895634 -0.302768 0.325838 -0.001133
  2421 0.101700 -0.033800 0.005800 0.067527 -0.028743 -0.997303 0.318059 0.948054 -0.005760 0.945662 -0.316812 0.073161 1.000846
  2422 0.101700 -0.033800 0.005800 0.318061 0.948053 -0.005789 -0.067518 0.028771 0.997303 0.945663 -0.316812 0.073161 -0.003328
  2423 0.101700 -0.033800 0.005800 0.067518 -0.028771 -0.997303 0.318061 0.948053 -0.005789 0.945663 -0.316812 0.073161 -0.013364
  2431 0.086600 -0.063900 0.005600 0.063722 -0.047006 -0.996860 0.546682 0.837328 -0.004504 0.834911 -0.544678 0.079054 1.001177
  2432 0.086600 -0.063900 0.005600 0.546691 0.837322 -0.004641 -0.063646 0.047121 0.996859 0.834911 -0.544678 0.079054 -0.007553
  2433 0.086600 -0.063900 0.005600 0.063646 -0.047121 -0.996859 0.546691 0.837322 -0.004641 0.834911 -0.544678 0.079054 -0.003853
  2441 0.078100 -0.062900 0.039400 0.258653 -0.202803 -0.944441 0.592983 0.805148 -0.010421 0.762528 -0.557342 0.328513 1.002718
  2442 0.078100 -0.062900 0.039400 0.258699 -0.202909 -0.944406 0.592349 0.805609 -0.010756 0.763005 -0.556635 0.328604 -0.005880
  2443 0.078100 -0.062900 0.039400 0.592349 0.805609 -0.010756 -0.258699 0.202909 0.944406 0.763005 -0.556635 0.328604 -0.001413
  2511 0.063000 -0.090600 -0.027600 -0.015944 0.028430 -0.999469 0.804325 0.594175 0.004020 0.593973 -0.803834 -0.032341 0.999878
  2512 0.063000 -0.090600 -0.027600 -0.015961 0.028417 -0.999469 0.804325 0.594176 0.003999 0.593973 -0.803834 -0.032341 0.005368
  2513 0.063000 -0.090600 -0.027600 0.804325 0.594176 0.003999 0.015961 -0.028417 0.999469 0.593973 -0.803834 -0.032341 0.000678
  2521 0.086100 -0.066100 -0.028000 -0.019747 0.010654 -0.999748 0.566775 0.823869 -0.002446 0.823636 -0.566680 -0.022308 1.000825
  2522 0.086100 -0.066100 -0.028000 -0.019760 0.010635 -0.999748 0.566775 0.823869 -0.002470 0.823636 -0.566680 -0.022308 -0.008123
  2523 0.086100 -0.066100 -0.028000 0.566775 0.823869 -0.002470 0.019760 -0.010635 0.999748 0.823636 -0.566680 -0.022308 0.000874
  2531 0.075700 -0.079800 -0.062000 0.019577 -0.005820 -0.999791 0.697060 0.716949 0.009547 0.716744 -0.697101 0.018093 0.996231
  2532 0.075700 -0.079800 -0.062000 0.697062 0.716948 0.009426 -0.019493 0.005907 0.999793 0.716744 -0.697101 0.018093 -0.007112
  2533 0.075700 -0.079800 -0.062000 0.019493 -0.005907 -0.999793 0.697062 0.716948 0.009426 0.716744 -0.697101 0.018093 -0.002335
  2541 0.048800 -0.099400 -0.062100 0.014477 -0.013995 -0.999797 0.904366 0.426699 0.007197 0.426512 -0.904286 0.018834 0.998979
  2542 0.048800 -0.099400 -0.062100 0.904368 0.426696 0.007049 -0.014343 0.014058 0.999798 0.426512 -0.904286 0.018834 -0.005988
  2543 0.048800 -0.099400 -0.062100 0.014343 -0.014058 -0.999798 0.904368 0.426696 0.007049 0.426512 -0.904286 0.018834 -0.006516
  2611 0.108700 -0.003300 -0.028000 -0.016074 0.003366 -0.999865 0.070288 0.997524 0.002199 0.997397 -0.070243 -0.016271 0.998808
  2612 0.108700 -0.003300 -0.028000 -0.016095 0.003066 -0.999866 0.070283 0.997525 0.001899 0.997397 -0.070243 -0.016271 -0.021273
  2613 0.108700 -0.003300 -0.028000 0.070283 0.997525 0.001899 0.016095 -0.003066 0.999866 0.997397 -0.070243 -0.016271 0.000323
  2621 0.106800 -0.020600 -0.062100 0.021964 0.002660 -0.999755 0.224073 0.974543 0.007495 0.974325 -0.224183 0.020809 1.002218
  2622 0.106800 -0.020600 -0.062100 0.224076 0.974544 0.007340 -0.021929 -0.002509 0.999756 0.974325 -0.224183 0.020809 -0.007549
  2623 0.106800 -0.020600 -0.062100 0.021929 0.002509 -0.999756 0.224076 0.974544 0.007340 0.974325 -0.224183 0.020809 0.006438
  2631 0.095100 -0.052400 -0.062000 0.019876 0.000844 -0.999802 0.479768 0.877336 0.010232 0.877170 -0.479877 0.017033 0.999885
  2632 0.095100 -0.052400 -0.062000 0.479770 0.877335 0.010152 -0.019838 -0.000774 0.999803 0.877170 -0.479877 0.017033 -0.006749
  2633 0.095100 -0.052400 -0.062000 0.019838 0.000774 -0.999803 0.479770 0.877335 0.010152 0.877170 -0.479877 0.017033 -0.003361
  2641 0.101700 -0.036100 -0.027800 -0.025147 0.004640 -0.999673 0.328338 0.944552 -0.003896 0.944226 -0.328328 -0.025277 1.003253
  2642 0.101700 -0.036100 -0.027800 -0.025223 0.004420 -0.999672 0.328332 0.944553 -0.004129 0.944226 -0.328328 -0.025277 -0.005007
  2643 0.101700 -0.036100 -0.027800 0.328332 0.944553 -0.004129 0.025223 -0.004420 0.999672 0.944226 -0.328328 -0.025277 -0.000538
