   113 -0.106600 0.046400 -0.060400 -0.017132 0.006556 -0.999832 -0.192523 -0.981287 -0.003208 -0.981143 0.192436 0.018073 -0.006656
   112 -0.106600 0.046400 -0.060400 -0.192523 -0.981287 -0.003208 0.017132 -0.006556 0.999832 -0.981143 0.192436 0.018073 -0.002511
   111 -0.106600 0.046400 -0.060400 -0.017111 0.006663 -0.999831 -0.192525 -0.981286 -0.003317 -0.981143 0.192436 0.018073 1.014974
   122 -0.102000 0.063100 -0.025600 0.004877 0.003572 -0.999982 -0.263227 -0.964722 -0.004739 -0.964722 0.263244 -0.003765 -0.004805
   123 -0.102000 0.063100 -0.025600 -0.263227 -0.964722 -0.004739 -0.004877 -0.003572 0.999982 -0.964722 0.263244 -0.003765 -0.004036
   121 -0.102000 0.063100 -0.025600 0.004893 0.003628 -0.999981 -0.263227 -0.964722 -0.004797 -0.964722 0.263244 -0.003765 1.000356
   132 -0.108500 0.030200 -0.026600 0.004385 0.002140 -0.999988 -0.083224 -0.996528 -0.002461 -0.996521 0.083233 -0.004192 -0.003495
   133 -0.108500 0.030200 -0.026600 -0.083224 -0.996528 -0.002461 -0.004385 -0.002140 0.999988 -0.996521 0.083233 -0.004192 -0.004174
   131 -0.108500 0.030200 -0.026600 0.004399 0.002311 -0.999988 -0.083223 -0.996527 -0.002632 -0.996521 0.083233 -0.004192 1.001451
   143 -0.109900 0.013100 -0.062700 -0.035841 0.002395 -0.999355 -0.029410 -0.999566 -0.001402 -0.998925 0.029341 0.035896 -0.003053
   142 -0.109900 0.013100 -0.062700 -0.029410 -0.999566 -0.001402 0.035841 -0.002395 0.999355 -0.998925 0.029341 0.035896 -0.003562
   141 -0.109900 0.013100 -0.062700 -0.035833 0.002663 -0.999355 -0.029419 -0.999566 -0.001670 -0.998925 0.029341 0.035896 1.012862
   213 -0.107400 0.032900 0.008000 -0.058767 0.008452 -0.998236 -0.096401 -0.995339 -0.002785 -0.993606 0.096067 0.059307 -0.001315
   212 -0.107400 0.032900 0.008000 -0.096401 -0.995339 -0.002785 0.058767 -0.008452 0.998236 -0.993606 0.096067 0.059307 -0.001979
   211 -0.107400 0.032900 0.008000 -0.058761 0.008516 -0.998236 -0.096404 -0.995338 -0.002850 -0.993606 0.096067 0.059307 0.997115
   222 -0.098900 0.040300 0.041300 -0.342374 0.059667 -0.937667 -0.157837 -0.987452 -0.005190 -0.926211 0.146221 0.347495 -0.004293
   223 -0.098900 0.040300 0.041300 -0.157837 -0.987452 -0.005190 0.342374 -0.059667 0.937667 -0.926211 0.146221 0.347495 -0.003978
   221 -0.098900 0.040300 0.041300 -0.342361 0.059748 -0.937667 -0.157865 -0.987447 -0.005267 -0.926211 0.146221 0.347495 0.998715
   232 -0.101100 0.004400 0.040800 -0.344682 0.009078 -0.938676 0.045376 -0.998623 -0.026312 -0.937622 -0.051663 0.343795 -0.005261
   233 -0.101100 0.004400 0.040800 0.045376 -0.998623 -0.026312 0.344682 -0.009078 0.938676 -0.937622 -0.051663 0.343795 -0.006211
   231 -0.101100 0.004400 0.040800 -0.344684 0.009136 -0.938674 0.045356 -0.998623 -0.026366 -0.937622 -0.051663 0.343795 0.994903
   243 -0.108300 -0.001100 0.007100 -0.071529 -0.010775 -0.997380 0.088101 -0.996101 0.004481 -0.993540 -0.087550 0.072200 -0.002163
   242 -0.108300 -0.001100 0.007100 0.088101 -0.996101 0.004481 0.071529 0.010775 0.997380 -0.993540 -0.087550 0.072200 -0.002675
   241 -0.108300 -0.001100 0.007100 -0.071535 -0.010712 -0.997381 0.088097 -0.996102 0.004418 -0.993540 -0.087550 0.072200 1.003526
   313 -0.086100 0.098800 0.009000 -0.035199 0.118196 -0.992366 -0.483598 -0.870996 -0.086600 -0.874583 0.476858 0.087818 -0.005673
   312 -0.086100 0.098800 0.009000 -0.483598 -0.870996 -0.086600 0.035199 -0.118196 0.992366 -0.874583 0.476858 0.087818 -0.003512
   311 -0.086100 0.098800 0.009000 -0.035616 0.118470 -0.992319 -0.483460 -0.871066 -0.086654 -0.874642 0.476660 0.088300 1.002823
   322 -0.088700 0.075700 0.041200 -0.344278 0.115922 -0.931684 -0.367311 -0.929882 0.020033 -0.864035 0.349114 0.362717 -0.002984
   323 -0.088700 0.075700 0.041200 -0.367311 -0.929882 0.020033 0.344278 -0.115922 0.931684 -0.864035 0.349114 0.362717 -0.006691
   321 -0.088700 0.075700 0.041200 -0.344256 0.115975 -0.931685 -0.367331 -0.929876 0.019980 -0.864035 0.349114 0.362717 0.994601
   333 -0.070200 0.075800 0.070700 -0.591676 0.227672 -0.773359 -0.390203 -0.920317 0.027545 -0.705464 0.318065 0.633368 -0.003186
   332 -0.070200 0.075800 0.070700 -0.390203 -0.920317 0.027545 0.591676 -0.227672 0.773359 -0.705464 0.318065 0.633368 -0.003895
   331 -0.070200 0.075800 0.070700 -0.591692 0.227634 -0.773358 -0.390178 -0.920326 0.027577 -0.705464 0.318065 0.633368 1.001286
   343 -0.100300 0.065900 0.008100 -0.072391 0.026674 -0.997020 -0.286056 -0.958201 -0.004873 -0.955475 0.284851 0.076994 -0.004955
   342 -0.100300 0.065900 0.008100 -0.286056 -0.958201 -0.004873 0.072391 -0.026674 0.997020 -0.955475 0.284851 0.076994 -0.004139
   341 -0.100300 0.065900 0.008100 -0.072380 0.026711 -0.997019 -0.286058 -0.958200 -0.004912 -0.955475 0.284851 0.076994 1.003549
   413 -0.080800 0.041300 0.072000 -0.640583 0.048723 -0.766341 -0.135923 -0.989422 0.050691 -0.755765 0.136635 0.640430 -0.003170
   412 -0.080800 0.041300 0.072000 -0.135923 -0.989422 0.050691 0.640583 -0.048723 0.766341 -0.755765 0.136635 0.640430 -0.001522
   411 -0.080800 0.041300 0.072000 -0.640579 0.048752 -0.766343 -0.135941 -0.989420 0.050668 -0.755765 0.136635 0.640430 0.999222
   422 -0.052600 0.040600 0.095200 -0.873596 -0.020126 -0.486236 -0.056220 -0.988286 0.141882 -0.483396 0.151283 0.862231 -0.004384
   423 -0.052600 0.040600 0.095200 -0.056220 -0.988286 0.141882 0.873596 0.020126 0.486236 -0.483396 0.151283 0.862231 -0.006853
   421 -0.052600 0.040600 0.095200 -0.873598 -0.020166 -0.486231 -0.056184 -0.988285 0.141902 -0.483396 0.151283 0.862231 1.002827
   432 -0.053700 0.005900 0.096900 -0.872908 -0.017950 -0.487555 0.029978 -0.999405 -0.017042 -0.486960 -0.029492 0.872926 -0.003770
   433 -0.053700 0.005900 0.096900 0.029978 -0.999405 -0.017042 0.872908 0.017950 0.487555 -0.486960 -0.029492 0.872926 -0.006971
   431 -0.053700 0.005900 0.096900 -0.872906 -0.017996 -0.487556 0.030018 -0.999405 -0.017020 -0.486960 -0.029492 0.872926 0.996980
   443 -0.082900 0.006200 0.072800 -0.641594 0.002550 -0.767040 0.045570 -0.998103 -0.041397 -0.765691 -0.061515 0.640260 -0.001704
   442 -0.082900 0.006200 0.072800 0.045570 -0.998103 -0.041397 0.641594 -0.002550 0.767040 -0.765691 -0.061515 0.640260 -0.005909
   441 -0.082900 0.006200 0.072800 -0.641596 0.002602 -0.767038 0.045536 -0.998103 -0.041438 -0.765691 -0.061515 0.640260 1.000416
   513 -0.063700 0.125400 0.013600 0.017615 0.219124 -0.975538 -0.788517 -0.596859 -0.148323 -0.614759 0.771842 0.162269 -0.005207
   512 -0.063700 0.125400 0.013600 -0.788517 -0.596859 -0.148323 -0.017615 -0.219124 0.975538 -0.614759 0.771842 0.162269 -0.006748
   511 -0.063700 0.125400 0.013600 0.017636 0.219140 -0.975534 -0.788517 -0.596853 -0.148349 -0.614759 0.771842 0.162269 0.998972
   523 -0.033200 0.139700 0.017400 0.008173 0.226445 -0.973990 -0.955370 -0.285873 -0.074465 -0.295300 0.931129 0.214002 -0.004568
   522 -0.033200 0.139700 0.017400 -0.955370 -0.285873 -0.074465 -0.008173 -0.226445 0.973990 -0.295300 0.931129 0.214002 -0.003734
   521 -0.033200 0.139700 0.017400 0.008215 0.226457 -0.973987 -0.955370 -0.285863 -0.074508 -0.295300 0.931129 0.214002 0.989989
   532 -0.033700 0.127400 0.048500 -0.051357 0.467136 -0.882693 -0.961205 -0.262961 -0.083286 -0.271020 0.844171 0.462518 0.001082
   533 -0.033700 0.127400 0.048500 -0.961205 -0.262961 -0.083286 0.051357 -0.467136 0.882693 -0.271020 0.844171 0.462518 -0.019390
   531 -0.033700 0.127400 0.048500 -0.051427 0.467117 -0.882699 -0.961201 -0.262995 -0.083222 -0.271020 0.844171 0.462518 1.002521
   542 -0.067200 0.108900 0.044300 -0.173990 0.380324 -0.908340 -0.707206 -0.690154 -0.153454 -0.685256 0.615683 0.389047 0.000478
   543 -0.067200 0.108900 0.044300 -0.707206 -0.690154 -0.153454 0.173990 -0.380324 0.908340 -0.685256 0.615683 0.389047 -0.006098
   541 -0.067200 0.108900 0.044300 -0.173943 0.380370 -0.908329 -0.707217 -0.690128 -0.153514 -0.685256 0.615683 0.389047 1.008779
   613 -0.035800 0.104800 0.075000 -0.008942 0.769659 -0.638393 -0.955476 -0.194854 -0.221578 -0.294933 0.607988 0.737133 -0.003019
   612 -0.035800 0.104800 0.075000 -0.955476 -0.194854 -0.221578 0.008942 -0.769659 0.638393 -0.294933 0.607988 0.737133 -0.001029
   611 -0.035800 0.104800 0.075000 -0.008979 0.769651 -0.638402 -0.955476 -0.194884 -0.221553 -0.294933 0.607988 0.737133 1.000703
   622 0.000100 0.077500 0.096700 0.000192 0.916447 -0.400157 -0.999987 0.002300 0.004570 0.005109 0.400151 0.916435 -0.003497
   623 0.000100 0.077500 0.096700 -0.999987 0.002300 0.004570 -0.000192 -0.916447 0.400157 0.005109 0.400151 0.916435 -0.004469
   621 0.000100 0.077500 0.096700 0.000160 0.916447 -0.400156 -0.999987 0.002272 0.004583 0.005109 0.400151 0.916435 0.996999
   633 -0.018400 0.044000 0.106300 0.006912 0.983385 -0.181401 -0.991068 -0.017330 -0.132226 -0.133173 0.180696 0.974481 -0.006495
   632 -0.018400 0.044000 0.106300 -0.991068 -0.017330 -0.132226 -0.006912 -0.983385 0.181401 -0.133173 0.180696 0.974481 -0.002322
   631 -0.018400 0.044000 0.106300 0.006880 0.983384 -0.181406 -0.991068 -0.017362 -0.132221 -0.133173 0.180696 0.974482 0.993067
   642 -0.036800 0.075300 0.092200 -0.024062 0.895082 -0.445252 -0.950115 -0.158987 -0.268336 -0.310972 0.416585 0.854256 0.000139
   643 -0.036800 0.075300 0.092200 -0.950115 -0.158987 -0.268336 0.024062 -0.895082 0.445252 -0.310972 0.416585 0.854256 -0.003659
   641 -0.036800 0.075300 0.092200 -0.024012 0.895090 -0.445238 -0.950116 -0.158941 -0.268360 -0.310972 0.416585 0.854256 1.011036
   713 -0.018500 0.010500 0.109600 -0.990008 -0.012000 -0.140501 0.013700 -0.999841 -0.011400 -0.140342 -0.013211 0.990015 -0.001646
   712 -0.018500 0.010500 0.109600 0.013700 -0.999841 -0.011400 0.990008 0.012000 0.140501 -0.140342 -0.013211 0.990015 -0.006107
   711 -0.018500 0.010500 0.109600 -0.990098 -0.012044 -0.139863 0.013830 -0.999832 -0.012065 -0.139694 -0.013880 0.990098 1.000608
   723 0.018600 0.010500 0.109600 0.987337 -0.007532 -0.158460 0.002316 0.999453 -0.033005 0.158622 0.032220 0.986814 -0.009915
   722 0.018600 0.010500 0.109600 0.002316 0.999453 -0.033005 -0.987337 0.007532 0.158460 0.158622 0.032220 0.986814 -0.004866
   721 0.018600 0.010500 0.109600 0.987337 -0.007380 -0.158465 0.002166 0.999454 -0.032980 0.158622 0.032220 0.986813 0.990322
   733 0.018600 -0.023300 0.105900 -0.036295 -0.970800 -0.237127 0.989382 -0.001507 -0.145333 0.140732 -0.239884 0.960547 -0.006337
   732 0.018600 -0.023300 0.105900 0.989382 -0.001507 -0.145333 0.036295 0.970800 0.237127 0.140732 -0.239884 0.960547 -0.003811
   731 0.018600 -0.023300 0.105900 -0.036235 -0.970801 -0.237136 0.989384 -0.001448 -0.145318 0.140732 -0.239884 0.960547 0.987865
   743 -0.018500 -0.023700 0.105800 0.039121 -0.970349 -0.238522 0.992770 0.010555 0.119568 -0.113506 -0.241476 0.963746 -0.007799
   742 -0.018500 -0.023700 0.105800 0.992770 0.010555 0.119568 -0.039121 0.970349 0.238522 -0.113506 -0.241476 0.963746 -0.003883
   741 -0.018500 -0.023700 0.105800 0.039197 -0.970348 -0.238513 0.992767 0.010630 0.119586 -0.113506 -0.241476 0.963746 0.997427
   813 0.000100 0.144500 0.018700 -0.000305 0.252135 -0.967692 -0.999956 -0.009167 -0.002036 -0.009384 0.967649 0.252127 -0.005567
   812 0.000100 0.144500 0.018700 -0.999956 -0.009167 -0.002036 0.000305 -0.252135 0.967692 -0.009384 0.967649 0.252127 -0.005365
   811 0.000100 0.144500 0.018700 -0.000328 0.252135 -0.967692 -0.999956 -0.009173 -0.002014 -0.009384 0.967648 0.252127 0.996331
   822 0.000100 0.131600 0.050000 0.000701 0.499017 -0.866592 -0.999917 -0.010846 -0.006965 -0.012875 0.866525 0.498968 0.001042
   823 0.000100 0.131600 0.050000 -0.999917 -0.010846 -0.006965 -0.000701 -0.499017 0.866592 -0.012875 0.866525 0.498968 -0.013356
   821 0.000100 0.131600 0.050000 0.000510 0.499015 -0.866593 -0.999917 -0.010942 -0.006799 -0.012875 0.866525 0.498968 0.996213
   913 0.033100 0.139700 0.017300 -0.005239 0.236719 -0.971564 -0.964341 0.255895 0.067565 0.264613 0.937272 0.226937 -0.006888
   912 0.033100 0.139700 0.017300 -0.964341 0.255895 0.067565 0.005239 -0.236719 0.971564 0.264613 0.937272 0.226937 0.001226
   911 0.033100 0.139700 0.017300 -0.005275 0.236728 -0.971562 -0.964340 0.255887 0.067600 0.264613 0.937272 0.226937 1.001833
   923 0.063800 0.125300 0.013500 -0.013093 0.229061 -0.973324 -0.783436 0.602497 0.152397 0.621333 0.764533 0.171566 -0.006985
   922 0.063800 0.125300 0.013500 -0.783436 0.602497 0.152397 0.013093 -0.229061 0.973324 0.621333 0.764533 0.171566 0.000026
   921 0.063800 0.125300 0.013500 -0.013195 0.229139 -0.973304 -0.783435 0.602467 0.152523 0.621333 0.764533 0.171566 1.005680
   932 0.067100 0.108800 0.044400 0.176138 0.378068 -0.908868 -0.708473 0.689705 0.149575 0.683401 0.617562 0.389334 0.003122
   933 0.067100 0.108800 0.044400 -0.708473 0.689705 0.149575 -0.176138 -0.378068 0.908868 0.683401 0.617562 0.389334 -0.005209
   931 0.067100 0.108800 0.044400 0.176111 0.378094 -0.908862 -0.708479 0.689691 0.149610 0.683401 0.617562 0.389334 1.007841
   942 0.033800 0.127300 0.048600 0.056418 0.471521 -0.880049 -0.964675 0.252921 0.073717 0.257342 0.844801 0.469133 0.000729
   943 0.033800 0.127300 0.048600 -0.964675 0.252921 0.073717 -0.056418 -0.471521 0.880049 0.257342 0.844801 0.469133 0.000019
   941 0.033800 0.127300 0.048600 0.056378 0.471531 -0.880046 -0.964677 0.252901 0.073753 0.257342 0.844801 0.469133 0.998718
  1013 0.000100 0.109300 0.077100 0.000974 0.757087 -0.653314 -0.999777 -0.013096 -0.016581 -0.021110 0.653184 0.756904 -0.008999
  1012 0.000100 0.109300 0.077100 -0.999777 -0.013096 -0.016581 -0.000974 -0.757087 0.653314 -0.021110 0.653184 0.756904 -0.005653
  1011 0.000100 0.109300 0.077100 0.000930 0.757086 -0.653314 -0.999777 -0.013130 -0.016552 -0.021110 0.653185 0.756904 1.001770
  1023 0.035800 0.104800 0.075000 0.006603 0.767785 -0.640673 -0.962633 0.178356 0.203780 0.270727 0.615388 0.740273 -0.009714
  1022 0.035800 0.104800 0.075000 -0.962633 0.178356 0.203780 -0.006603 -0.767785 0.640673 0.270727 0.615388 0.740273 -0.002220
  1021 0.035800 0.104800 0.075000 0.006563 0.767793 -0.640665 -0.962634 0.178324 0.203807 0.270727 0.615388 0.740273 1.000864
  1032 0.036800 0.075200 0.092300 0.031472 0.899042 -0.436731 -0.949635 0.163177 0.267519 0.311774 0.406316 0.858897 -0.002676
  1033 0.036800 0.075200 0.092300 -0.949635 0.163177 0.267519 -0.031472 -0.899042 0.436731 0.311774 0.406316 0.858897 0.007175
  1031 0.036800 0.075200 0.092300 0.031451 0.899045 -0.436725 -0.949636 0.163157 0.267528 0.311774 0.406316 0.858897 0.999555
  1043 0.018400 0.044200 0.106200 -0.013986 0.979190 -0.202463 -0.991433 0.012720 0.129994 0.129864 0.202547 0.970624 -0.001674
  1042 0.018400 0.044200 0.106200 -0.991433 0.012720 0.129994 0.013986 -0.979190 0.202463 0.129864 0.202547 0.970624 -0.006355
  1041 0.018400 0.044200 0.106200 -0.013987 0.979190 -0.202463 -0.991433 0.012719 0.129994 0.129864 0.202547 0.970624 0.987100
  1112 0.052500 0.040600 0.095300 0.874578 -0.017975 -0.484551 -0.058010 0.988252 -0.141394 0.481400 0.151769 0.863261 -0.004405
  1113 0.052500 0.040600 0.095300 -0.058010 0.988252 -0.141394 -0.874578 0.017975 0.484551 0.481400 0.151769 0.863261 -0.002704
  1111 0.052500 0.040600 0.095300 0.874574 -0.017896 -0.484563 -0.058080 0.988254 -0.141355 0.481400 0.151769 0.863261 0.998107
  1123 0.080900 0.041300 0.072100 0.637098 0.050450 -0.769130 -0.172649 0.981841 -0.078621 0.751196 0.182879 0.634239 -0.006503
  1122 0.080900 0.041300 0.072100 -0.172649 0.981841 -0.078621 -0.637098 -0.050450 0.769130 0.751196 0.182879 0.634239 -0.003137
  1121 0.080900 0.041300 0.072100 0.637096 0.050461 -0.769131 -0.172656 0.981840 -0.078612 0.751196 0.182879 0.634239 1.001604
  1133 0.082800 0.006100 0.072800 0.642492 0.000651 -0.766292 0.009263 0.999920 0.008654 0.766236 -0.012659 0.642434 -0.001108
  1132 0.082800 0.006100 0.072800 0.009263 0.999920 0.008654 -0.642492 -0.000651 0.766292 0.766236 -0.012659 0.642434 -0.002912
  1131 0.082800 0.006100 0.072800 0.642493 0.000750 -0.766291 0.009199 0.999920 0.008730 0.766236 -0.012659 0.642435 0.999276
  1142 0.053500 0.006200 0.097000 0.869036 -0.018168 -0.494416 0.031240 0.999346 0.018194 0.493762 -0.031256 0.869035 0.006899
  1143 0.053500 0.006200 0.097000 0.031240 0.999346 0.018194 -0.869036 0.018168 0.494416 0.493762 -0.031256 0.869035 -0.002907
  1141 0.053500 0.006200 0.097000 0.869038 -0.018111 -0.494415 0.031190 0.999347 0.018222 0.493762 -0.031256 0.869035 1.009133
  1213 0.086200 0.098600 0.008900 0.053692 0.124285 -0.990793 -0.502172 0.860987 0.080777 0.863099 0.493212 0.108641 -0.002535
  1212 0.086200 0.098600 0.008900 -0.502172 0.860987 0.080777 -0.053692 -0.124285 0.990793 0.863099 0.493212 0.108641 -0.005291
  1211 0.086200 0.098600 0.008900 0.053659 0.124342 -0.990787 -0.502176 0.860978 0.080842 0.863099 0.493212 0.108641 0.997272
  1223 0.100300 0.066000 0.008200 0.070496 0.028625 -0.997101 -0.313665 0.949520 0.005144 0.946915 0.312393 0.075916 0.000149
  1222 0.100300 0.066000 0.008200 -0.313665 0.949520 0.005144 -0.070496 -0.028625 0.997101 0.946915 0.312393 0.075916 -0.005579
  1221 0.100300 0.066000 0.008200 0.070488 0.028650 -0.997101 -0.313666 0.949519 0.005170 0.946915 0.312393 0.075916 1.001295
  1232 0.088700 0.075700 0.041200 0.340412 0.114341 -0.933298 -0.370407 0.928624 -0.021365 0.864240 0.352973 0.358467 -0.017361
  1233 0.088700 0.075700 0.041200 -0.370407 0.928624 -0.021365 -0.340412 -0.114341 0.933298 0.864240 0.352973 0.358467 -0.002286
  1231 0.088700 0.075700 0.041200 0.340369 0.114448 -0.933301 -0.370447 0.928611 -0.021256 0.864240 0.352973 0.358467 1.003477
  1243 0.069900 0.075800 0.070900 0.606663 0.235002 -0.759430 -0.426551 0.902375 -0.061438 0.670852 0.361207 0.647678 -0.003801
  1242 0.069900 0.075800 0.070900 -0.426551 0.902375 -0.061438 -0.606663 -0.235002 0.759430 0.670852 0.361207 0.647678 -0.003922
  1241 0.069900 0.075800 0.070900 0.606656 0.235018 -0.759431 -0.426561 0.902371 -0.061425 0.670852 0.361207 0.647678 1.001012
  1312 0.098900 0.040400 0.041300 0.333946 0.059098 -0.940738 -0.167305 0.985902 0.002481 0.927622 0.156562 0.339125 0.001072
  1313 0.098900 0.040400 0.041300 -0.167305 0.985902 0.002481 -0.333946 -0.059098 0.940738 0.927622 0.156562 0.339125 -0.005442
  1311 0.098900 0.040400 0.041300 0.333945 0.059099 -0.940738 -0.167306 0.985902 0.002482 0.927622 0.156562 0.339125 1.000131
  1323 0.107400 0.032900 0.008100 0.067624 0.012066 -0.997638 -0.133580 0.991034 0.002934 0.988728 0.133066 0.068629 -0.006222
  1322 0.107400 0.032900 0.008100 -0.133580 0.991034 0.002934 -0.067624 -0.012066 0.997638 0.988728 0.133066 0.068629 -0.007518
  1321 0.107400 0.032900 0.008100 0.067617 0.012117 -0.997638 -0.133583 0.991033 0.002985 0.988728 0.133066 0.068629 0.993836
  1333 0.108300 -0.001100 0.006800 0.053748 -0.002470 -0.998552 0.059087 0.998253 0.000747 0.996805 -0.059042 0.053800 -0.003778
  1332 0.108300 -0.001100 0.006800 0.059087 0.998253 0.000747 -0.053748 0.002470 0.998552 0.996805 -0.059042 0.053800 -0.008891
  1331 0.108300 -0.001100 0.006800 0.053751 -0.002422 -0.998551 0.059084 0.998253 0.000794 0.996805 -0.059042 0.053800 0.994592
  1342 0.101000 0.004400 0.041000 0.354770 0.007715 -0.934922 0.039898 0.998931 0.023342 0.934102 -0.045583 0.354083 -0.003909
  1343 0.101000 0.004400 0.041000 0.039898 0.998931 0.023342 -0.354770 -0.007715 0.934922 0.934102 -0.045583 0.354083 -0.004440
  1341 0.101000 0.004400 0.041000 0.354773 0.007793 -0.934920 0.039870 0.998931 0.023415 0.934102 -0.045583 0.354083 1.001164
  1412 0.102000 0.063000 -0.026000 -0.009207 0.004984 -0.999945 -0.278094 0.960526 0.007368 0.960510 0.278146 -0.007457 -0.004435
  1413 0.102000 0.063000 -0.026000 -0.278094 0.960526 0.007368 0.009207 -0.004984 0.999945 0.960510 0.278146 -0.007457 -0.004366
  1411 0.102000 0.063000 -0.026000 -0.009208 0.004987 -0.999945 -0.278094 0.960526 0.007372 0.960510 0.278146 -0.007457 1.001105
  1423 0.106500 0.046900 -0.060000 0.028249 0.011217 -0.999538 -0.173964 0.984733 0.006126 0.984347 0.173710 0.029769 -0.007683
  1422 0.106500 0.046900 -0.060000 -0.173964 0.984733 0.006126 -0.028249 -0.011217 0.999538 0.984347 0.173710 0.029769 -0.006174
  1421 0.106500 0.046900 -0.060000 0.028253 0.011194 -0.999538 -0.173963 0.984733 0.006102 0.984347 0.173710 0.029769 0.998703
  1433 0.109800 0.013100 -0.062200 0.028383 0.004552 -0.999587 -0.006394 0.999970 0.004331 0.999577 0.006269 0.028411 -0.004652
  1432 0.109800 0.013100 -0.062200 -0.006394 0.999970 0.004331 -0.028383 -0.004552 0.999587 0.999577 0.006269 0.028411 -0.001983
  1431 0.109800 0.013100 -0.062200 0.028383 0.004540 -0.999587 -0.006394 0.999970 0.004319 0.999577 0.006269 0.028411 0.998535
  1442 0.108300 0.030100 -0.026200 -0.010928 0.003998 -0.999932 -0.102040 0.994767 0.005162 0.994720 0.102090 -0.010462 -0.006314
  1443 0.108300 0.030100 -0.026200 -0.102040 0.994767 0.005162 0.010928 -0.003998 0.999932 0.994720 0.102090 -0.010462 -0.008465
  1441 0.108300 0.030100 -0.026200 -0.010938 0.004092 -0.999932 -0.102039 0.994766 0.005257 0.994720 0.102090 -0.010462 0.995799
  1512 -0.108800 -0.003200 -0.028400 0.021701 0.000896 -0.999764 0.093695 -0.995600 0.001084 -0.995365 -0.093696 -0.021690 -0.003404
  1513 -0.108800 -0.003200 -0.028400 0.093695 -0.995600 0.001084 -0.021701 -0.000896 0.999764 -0.995365 -0.093696 -0.021690 -0.004412
  1511 -0.108800 -0.003200 -0.028400 0.021696 0.000951 -0.999764 0.093696 -0.995600 0.001029 -0.995365 -0.093696 -0.021690 0.999428
  1522 -0.101700 -0.036000 -0.028100 0.021736 0.000431 -0.999764 0.353634 -0.935355 0.007327 -0.935131 -0.353709 -0.020483 -0.002729
  1523 -0.101700 -0.036000 -0.028100 0.353634 -0.935355 0.007327 -0.021736 -0.000431 0.999764 -0.935131 -0.353709 -0.020483 -0.003336
  1521 -0.101700 -0.036000 -0.028100 0.021695 0.000540 -0.999765 0.353637 -0.935355 0.007211 -0.935131 -0.353709 -0.020483 1.001629
  1533 -0.095100 -0.052400 -0.062300 -0.019011 -0.001692 -0.999818 0.456486 -0.889702 -0.007146 -0.889528 -0.456539 0.017687 -0.003027
  1532 -0.095100 -0.052400 -0.062300 0.456486 -0.889702 -0.007146 0.019011 0.001692 0.999818 -0.889528 -0.456539 0.017687 0.001918
  1531 -0.095100 -0.052400 -0.062300 -0.019029 -0.001656 -0.999818 0.456486 -0.889702 -0.007187 -0.889528 -0.456539 0.017687 1.000248
  1543 -0.106800 -0.020500 -0.062500 -0.037151 -0.002980 -0.999305 0.194166 -0.980959 -0.004306 -0.980265 -0.194192 0.037022 -0.004532
  1542 -0.106800 -0.020500 -0.062500 0.194166 -0.980959 -0.004306 0.037151 0.002980 0.999305 -0.980265 -0.194192 0.037022 -0.005359
  1541 -0.106800 -0.020500 -0.062500 -0.037152 -0.002972 -0.999305 0.194166 -0.980959 -0.004314 -0.980264 -0.194192 0.037022 0.989286
  1613 -0.101700 -0.033900 0.005600 -0.070366 -0.032304 -0.996998 0.334326 -0.942431 0.006991 -0.939828 -0.332831 0.077116 -0.000310
  1612 -0.101700 -0.033900 0.005600 0.334326 -0.942431 0.006991 0.070366 0.032304 0.996998 -0.939828 -0.332831 0.077116 -0.000202
  1611 -0.101700 -0.033900 0.005600 -0.070376 -0.032275 -0.996998 0.334324 -0.942433 0.006961 -0.939828 -0.332831 0.077116 1.003444
  1622 -0.095200 -0.030800 0.039100 -0.318319 -0.056001 -0.946328 0.309902 -0.949558 -0.047962 -0.895908 -0.308536 0.319617 -0.004857
  1623 -0.095200 -0.030800 0.039100 0.309902 -0.949558 -0.047962 0.318319 0.056001 0.946328 -0.895908 -0.308536 0.319617 -0.003802
  1621 -0.095200 -0.030800 0.039100 -0.318315 -0.056015 -0.946329 0.309907 -0.949557 -0.047947 -0.895908 -0.308536 0.319617 1.000774
  1632 -0.078100 -0.062800 0.039400 -0.258006 -0.198576 -0.945516 0.599970 -0.800011 0.004271 -0.757271 -0.566179 0.325547 -0.008469
  1633 -0.078100 -0.062800 0.039400 0.599970 -0.800011 0.004271 0.258006 0.198576 0.945516 -0.757271 -0.566179 0.325547 0.001183
  1631 -0.078100 -0.062800 0.039400 -0.258035 -0.198536 -0.945516 0.599958 -0.800021 0.004224 -0.757271 -0.566179 0.325547 1.004495
  1643 -0.086600 -0.064000 0.005500 -0.066882 -0.052656 -0.996370 0.564581 -0.825358 0.005667 -0.822661 -0.562153 0.084931 -0.004705
  1642 -0.086600 -0.064000 0.005500 0.564581 -0.825358 0.005667 0.066882 0.052656 0.996370 -0.822661 -0.562153 0.084931 -0.003843
  1641 -0.086600 -0.064000 0.005500 -0.066920 -0.052602 -0.996371 0.564577 -0.825362 0.005601 -0.822661 -0.562152 0.084931 0.998772
  1713 -0.075800 -0.079700 -0.062100 -0.008070 -0.022610 -0.999712 0.664644 -0.747071 0.011488 -0.747116 -0.664360 0.021056 -0.002445
  1712 -0.075800 -0.079700 -0.062100 0.664644 -0.747071 0.011488 0.008070 0.022610 0.999712 -0.747116 -0.664360 0.021056 -0.001609
  1711 -0.075800 -0.079700 -0.062100 -0.008118 -0.022556 -0.999713 0.664644 -0.747073 0.011414 -0.747116 -0.664360 0.021056 0.994308
  1722 -0.086100 -0.066000 -0.028200 0.025745 0.011471 -0.999603 0.579396 -0.815028 0.005565 -0.814640 -0.579309 -0.027628 -0.007711
  1723 -0.086100 -0.066000 -0.028200 0.579396 -0.815028 0.005565 -0.025745 -0.011471 0.999603 -0.814640 -0.579309 -0.027628 -0.006605
  1721 -0.086100 -0.066000 -0.028200 0.025652 0.011600 -0.999604 0.579400 -0.815026 0.005406 -0.814640 -0.579309 -0.027628 1.002409
  1732 -0.063200 -0.090500 -0.027800 0.022876 0.033074 -0.999191 0.817024 -0.576604 -0.000329 -0.576148 -0.816355 -0.040213 0.003311
  1733 -0.063200 -0.090500 -0.027800 0.817024 -0.576604 -0.000329 -0.022876 -0.033074 0.999191 -0.576148 -0.816355 -0.040213 0.000604
  1731 -0.063200 -0.090500 -0.027800 0.022791 0.033134 -0.999191 0.817026 -0.576601 -0.000433 -0.576148 -0.816356 -0.040213 0.992560
  1743 -0.048900 -0.099400 -0.062100 -0.013833 -0.019374 -0.999717 0.889537 -0.456851 -0.003447 -0.456654 -0.889333 0.023554 -0.000239
  1742 -0.048900 -0.099400 -0.062100 0.889537 -0.456851 -0.003447 0.013833 0.019374 0.999717 -0.456654 -0.889333 0.023554 0.014198
  1741 -0.048900 -0.099400 -0.062100 -0.013919 -0.019330 -0.999716 0.889535 -0.456853 -0.003544 -0.456654 -0.889332 0.023554 0.999971
  1813 -0.078600 -0.028700 0.069600 -0.620209 -0.041951 -0.783314 0.254388 -0.955357 -0.150264 -0.742041 -0.292461 0.603193 -0.003028
  1812 -0.078600 -0.028700 0.069600 0.254388 -0.955357 -0.150264 0.620209 0.041951 0.783314 -0.742041 -0.292461 0.603193 -0.001299
  1811 -0.078600 -0.028700 0.069600 -0.620228 -0.041880 -0.783303 0.254341 -0.955360 -0.150323 -0.742041 -0.292461 0.603193 1.006770
  1822 -0.051800 -0.027700 0.092700 -0.860788 0.024417 -0.508378 0.113070 -0.964669 -0.237967 -0.496227 -0.262322 0.827615 -0.006816
  1823 -0.051800 -0.027700 0.092700 0.113070 -0.964669 -0.237967 0.860788 -0.024417 0.508378 -0.496227 -0.262322 0.827615 -0.007501
  1821 -0.051800 -0.027700 0.092700 -0.860785 0.024399 -0.508383 0.113086 -0.964670 -0.237958 -0.496227 -0.262322 0.827615 1.006703
  1832 -0.018100 -0.054200 0.092300 0.070056 -0.843653 -0.532298 0.989525 -0.008715 0.144096 -0.126206 -0.536817 0.834206 -0.003995
  1833 -0.018100 -0.054200 0.092300 0.989525 -0.008715 0.144096 -0.070056 0.843653 0.532298 -0.126206 -0.536817 0.834206 -0.008213
  1831 -0.018100 -0.054200 0.092300 0.070125 -0.843654 -0.532288 0.989521 -0.008656 0.144133 -0.126206 -0.536817 0.834206 0.987611
  1843 -0.055200 -0.062700 0.070700 -0.377314 -0.491735 -0.784749 0.778355 -0.627537 0.018997 -0.501801 -0.603645 0.619522 -0.004980
  1842 -0.055200 -0.062700 0.070700 0.778355 -0.627537 0.018997 0.377314 0.491735 0.784749 -0.501801 -0.603645 0.619522 -0.003287
  1841 -0.055200 -0.062700 0.070700 -0.377389 -0.491674 -0.784751 0.778318 -0.627585 0.018920 -0.501801 -0.603645 0.619522 1.006209
  1912 -0.051300 -0.086100 0.039700 -0.153641 -0.299614 -0.941608 0.881159 -0.472772 0.006692 -0.447171 -0.828678 0.336646 -0.005179
  1913 -0.051300 -0.086100 0.039700 0.881159 -0.472772 0.006692 0.153641 0.299614 0.941608 -0.447171 -0.828678 0.336646 0.010948
  1911 -0.051300 -0.086100 0.039700 -0.153659 -0.299605 -0.941608 0.881156 -0.472778 0.006673 -0.447171 -0.828678 0.336646 1.006409
  1923 -0.033500 -0.103300 0.006200 -0.043050 -0.136773 -0.989667 0.959652 -0.281175 -0.002889 -0.277874 -0.949860 0.143359 -0.001821
  1922 -0.033500 -0.103300 0.006200 0.959652 -0.281175 -0.002889 0.043050 0.136773 0.989667 -0.277874 -0.949860 0.143359 -0.010475
  1921 -0.033500 -0.103300 0.006200 -0.043128 -0.136750 -0.989666 0.959649 -0.281186 -0.002969 -0.277874 -0.949860 0.143359 1.002673
  1932 -0.033100 -0.105100 -0.027800 0.009077 0.026090 -0.999618 0.954172 -0.299258 0.000849 -0.299122 -0.953815 -0.027610 -0.000013
  1933 -0.033100 -0.105100 -0.027800 0.954172 -0.299258 0.000849 -0.009077 -0.026090 0.999618 -0.299122 -0.953815 -0.027610 -0.003711
  1931 -0.033100 -0.105100 -0.027800 0.009077 0.026090 -0.999618 0.954172 -0.299258 0.000850 -0.299122 -0.953815 -0.027610 0.995772
  1943 -0.063600 -0.088400 0.006000 -0.059901 -0.080213 -0.994976 0.808895 -0.587952 -0.001254 -0.584897 -0.804907 0.100103 -0.002783
  1942 -0.063600 -0.088400 0.006000 0.808895 -0.587952 -0.001254 0.059901 0.080213 0.994976 -0.584897 -0.804907 0.100103 -0.006612
  1941 -0.063600 -0.088400 0.006000 -0.059837 -0.080260 -0.994976 0.808900 -0.587945 -0.001174 -0.584897 -0.804907 0.100103 1.012445
  2013 -0.018600 -0.080100 0.069000 -0.000630 -0.617917 -0.786243 0.992934 -0.093692 0.072825 -0.118665 -0.780642 0.613610 -0.003229
  2012 -0.018600 -0.080100 0.069000 0.992934 -0.093692 0.072825 0.000630 0.617917 0.786243 -0.118665 -0.780642 0.613610 -0.004488
  2011 -0.018600 -0.080100 0.069000 -0.000541 -0.617925 -0.786237 0.992935 -0.093637 0.072895 -0.118665 -0.780642 0.613610 0.996636
  2023 0.018600 -0.080200 0.068900 -0.001556 -0.611750 -0.791050 0.985879 0.131539 -0.103631 0.167451 -0.780041 0.602907 -0.002505
  2022 0.018600 -0.080200 0.068900 0.985879 0.131539 -0.103631 0.001556 0.611750 0.791050 0.167451 -0.780041 0.602907 -0.015426
  2021 0.018600 -0.080200 0.068900 -0.001510 -0.611744 -0.791054 0.985879 0.131567 -0.103594 0.167451 -0.780041 0.602907 1.003791
  2032 0.016900 -0.097200 0.039700 -0.000263 -0.373123 -0.927782 0.989299 0.135267 -0.054676 0.145899 -0.917868 0.369095 -0.002649
  2033 0.016900 -0.097200 0.039700 0.989299 0.135267 -0.054676 0.000263 0.373123 0.927782 0.145899 -0.917868 0.369095 -0.016414
  2031 0.016900 -0.097200 0.039700 -0.000263 -0.373123 -0.927782 0.989299 0.135268 -0.054675 0.145899 -0.917868 0.369095 1.000314
  2042 -0.017000 -0.097200 0.039700 0.000013 -0.370319 -0.928904 0.991537 -0.120567 0.048137 -0.129822 -0.921044 0.367184 -0.003178
  2043 -0.017000 -0.097200 0.039700 0.991537 -0.120567 0.048137 -0.000013 0.370319 0.928904 -0.129822 -0.921044 0.367184 -0.011640
  2041 -0.017000 -0.097200 0.039700 0.000013 -0.370319 -0.928905 0.991537 -0.120567 0.048136 -0.129822 -0.921044 0.367184 1.004075
  2113 0.000000 -0.108600 0.007000 -0.000234 -0.161664 -0.986846 0.999829 0.018214 -0.003234 0.018497 -0.986678 0.161633 -0.005402
  2112 0.000000 -0.108600 0.007000 0.999829 0.018214 -0.003234 0.000234 0.161664 0.986846 0.018497 -0.986678 0.161633 -0.007625
  2111 0.000000 -0.108600 0.007000 -0.000258 -0.161665 -0.986846 0.999829 0.018210 -0.003258 0.018497 -0.986678 0.161633 0.999892
  2122 0.000000 -0.110600 -0.027500 -0.000025 0.043284 -0.999063 0.999810 0.019492 0.000836 0.019510 -0.998873 -0.043276 -0.005732
  2123 0.000000 -0.110600 -0.027500 0.999810 0.019492 0.000836 0.000025 -0.043284 0.999063 0.019510 -0.998873 -0.043276 -0.009852
  2121 0.000000 -0.110600 -0.027500 -0.000062 0.043283 -0.999063 0.999810 0.019494 0.000799 0.019510 -0.998873 -0.043276 0.999726
  2133 0.017000 -0.109800 -0.061800 0.009546 -0.012824 -0.999872 0.985726 0.168196 0.007318 0.168081 -0.985670 0.014246 -0.006338
  2132 0.017000 -0.109800 -0.061800 0.985726 0.168196 0.007318 -0.009546 0.012824 0.999872 0.168081 -0.985670 0.014246 -0.003062
  2131 0.017000 -0.109800 -0.061800 0.009627 -0.012810 -0.999872 0.985725 0.168197 0.007399 0.168081 -0.985670 0.014246 0.996154
  2143 -0.017100 -0.109800 -0.061900 -0.008619 -0.024701 -0.999658 0.980789 -0.195039 -0.003601 -0.194883 -0.980484 0.025908 -0.004391
  2142 -0.017100 -0.109800 -0.061900 0.980789 -0.195039 -0.003601 0.008619 0.024701 0.999658 -0.194883 -0.980484 0.025908 0.000172
  2141 -0.017100 -0.109800 -0.061900 -0.008537 -0.024717 -0.999658 0.980789 -0.195037 -0.003518 -0.194883 -0.980484 0.025908 0.997220
  2212 0.051700 -0.027600 0.092800 0.863158 0.025366 -0.504296 0.108435 0.966124 0.234195 0.493152 -0.256830 0.831167 -0.004060
  2213 0.051700 -0.027600 0.092800 0.108435 0.966124 0.234195 -0.863158 -0.025366 0.504296 0.493152 -0.256830 0.831167 -0.005153
  2211 0.051700 -0.027600 0.092800 0.863164 0.025416 -0.504283 0.108390 0.966122 0.234221 0.493152 -0.256830 0.831167 1.005587
  2223 0.078600 -0.028400 0.069800 0.624801 -0.041789 -0.779665 0.224441 0.966026 0.128138 0.747822 -0.255050 0.612954 -0.008471
  2222 0.078600 -0.028400 0.069800 0.224441 0.966026 0.128138 -0.624801 0.041789 0.779665 0.747822 -0.255050 0.612954 -0.004386
  2221 0.078600 -0.028400 0.069800 0.624817 -0.041719 -0.779655 0.224396 0.966029 0.128194 0.747822 -0.255050 0.612954 1.003639
  2233 0.055300 -0.062800 0.070600 0.377765 -0.493372 -0.783504 0.767810 0.639840 -0.032752 0.517476 -0.589209 0.620525 -0.005745
  2232 0.055300 -0.062800 0.070600 0.767810 0.639840 -0.032752 -0.377765 0.493372 0.783504 0.517476 -0.589209 0.620525 -0.005606
  2231 0.055300 -0.062800 0.070600 0.377733 -0.493398 -0.783502 0.767826 0.639819 -0.032785 0.517476 -0.589208 0.620525 0.997610
  2242 0.018200 -0.054200 0.092200 -0.069712 -0.842064 -0.534853 0.987997 0.015789 -0.153661 0.137838 -0.539146 0.830856 -0.005158
  2243 0.018200 -0.054200 0.092200 0.987997 0.015789 -0.153661 0.069712 0.842064 0.534853 0.137838 -0.539146 0.830856 -0.002272
  2241 0.018200 -0.054200 0.092200 -0.069655 -0.842063 -0.534862 0.988002 0.015838 -0.153630 0.137838 -0.539146 0.830856 0.995071
  2312 0.051300 -0.086100 0.039700 0.150728 -0.298058 -0.942572 0.876181 0.481825 -0.012282 0.457816 -0.824013 0.333777 0.000908
  2313 0.051300 -0.086100 0.039700 0.876181 0.481825 -0.012282 -0.150728 0.298058 0.942572 0.457816 -0.824013 0.333777 -0.005629
  2311 0.051300 -0.086100 0.039700 0.150788 -0.298025 -0.942573 0.876171 0.481845 -0.012217 0.457816 -0.824013 0.333777 1.001100
  2323 0.063700 -0.088400 0.006200 0.052173 -0.065667 -0.996477 0.800729 0.599021 0.002502 0.596746 -0.798039 0.083834 -0.007229
  2322 0.063700 -0.088400 0.006200 0.800729 0.599021 0.002502 -0.052173 0.065667 0.996477 0.596746 -0.798039 0.083834 -0.005024
  2321 0.063700 -0.088400 0.006200 0.052277 -0.065589 -0.996476 0.800722 0.599030 0.002631 0.596746 -0.798039 0.083834 1.004265
  2332 0.033000 -0.105100 -0.027700 -0.005127 0.023985 -0.999699 0.947392 0.320062 0.002808 0.320033 -0.947093 -0.024365 -0.010351
  2333 0.033000 -0.105100 -0.027700 0.947392 0.320062 0.002808 0.005127 -0.023985 0.999699 0.320033 -0.947093 -0.024365 -0.008834
  2331 0.033000 -0.105100 -0.027700 -0.005141 0.023980 -0.999699 0.947392 0.320062 0.002793 0.320033 -0.947093 -0.024365 0.998950
  2343 0.033300 -0.103400 0.006300 0.045961 -0.136484 -0.989576 0.946503 0.322694 -0.000542 0.319404 -0.936611 0.144014 -0.006159
  2342 0.033300 -0.103400 0.006300 0.946503 0.322694 -0.000542 -0.045961 0.136484 0.989576 0.319404 -0.936611 0.144014 -0.005100
  2341 0.033300 -0.103400 0.006300 0.045936 -0.136493 -0.989576 0.946504 0.322691 -0.000569 0.319404 -0.936611 0.144014 0.984529
  2412 0.095200 -0.030600 0.039200 0.317431 -0.061374 -0.946293 0.305287 0.951389 0.040721 0.897794 -0.301817 0.320737 -0.000841
  2413 0.095200 -0.030600 0.039200 0.305287 0.951389 0.040721 -0.317431 0.061374 0.946293 0.897794 -0.301817 0.320737 -0.010834
  2411 0.095200 -0.030600 0.039200 0.317447 -0.061324 -0.946291 0.305271 0.951393 0.040770 0.897794 -0.301817 0.320737 1.006660
  2423 0.101700 -0.033800 0.005800 0.064345 -0.027720 -0.997543 0.314208 0.949335 -0.006085 0.947171 -0.313044 0.069794 -0.007788
  2422 0.101700 -0.033800 0.005800 0.314208 0.949335 -0.006085 -0.064345 0.027720 0.997543 0.947171 -0.313044 0.069794 -0.011534
  2421 0.101700 -0.033800 0.005800 0.064361 -0.027672 -0.997543 0.314204 0.949336 -0.006034 0.947171 -0.313044 0.069794 1.002143
  2433 0.086600 -0.063900 0.005600 0.060996 -0.045390 -0.997105 0.550901 0.834560 -0.004256 0.832337 -0.549047 0.075910 -0.001623
  2432 0.086600 -0.063900 0.005600 0.550901 0.834560 -0.004256 -0.060996 0.045390 0.997105 0.832337 -0.549047 0.075910 0.006132
  2431 0.086600 -0.063900 0.005600 0.061043 -0.045319 -0.997106 0.550896 0.834563 -0.004171 0.832337 -0.549047 0.075910 1.005750
  2442 0.078100 -0.062900 0.039400 0.255545 -0.200573 -0.945763 0.595559 0.803257 -0.009360 0.761568 -0.560865 0.324722 -0.006455
  2443 0.078100 -0.062900 0.039400 0.595559 0.803257 -0.009360 -0.255545 0.200573 0.945763 0.761568 -0.560865 0.324722 -0.008306
  2441 0.078100 -0.062900 0.039400 0.255622 -0.200469 -0.945764 0.595525 0.803283 -0.009237 0.761568 -0.560865 0.324722 1.001230
  2512 0.063000 -0.090600 -0.027600 -0.025723 0.041599 -0.998803 0.800168 0.599761 0.004321 0.599223 -0.799099 -0.048714 -0.000713
  2513 0.063000 -0.090600 -0.027600 0.800168 0.599761 0.004321 0.025723 -0.041599 0.998803 0.599223 -0.799099 -0.048714 -0.010016
  2511 0.063000 -0.090600 -0.027600 -0.025601 0.041690 -0.998802 0.800171 0.599755 0.004474 0.599222 -0.799099 -0.048714 1.000369
  2522 0.086100 -0.066100 -0.028000 -0.025531 0.014596 -0.999567 0.558044 0.829808 -0.002167 0.829418 -0.557858 -0.029332 -0.005559
  2523 0.086100 -0.066100 -0.028000 0.558044 0.829808 -0.002167 0.025531 -0.014596 0.999567 0.829418 -0.557858 -0.029332 -0.007404
  2521 0.086100 -0.066100 -0.028000 -0.025503 0.014639 -0.999568 0.558046 0.829807 -0.002116 0.829418 -0.557858 -0.029332 1.006369
  2533 0.075700 -0.079800 -0.062000 0.016250 -0.002787 -0.999864 0.699882 0.714196 0.009455 0.714073 -0.699940 0.013556 -0.002363
  2532 0.075700 -0.079800 -0.062000 0.699882 0.714196 0.009455 -0.016250 0.002787 0.999864 0.714073 -0.699940 0.013556 -0.005159
  2531 0.075700 -0.079800 -0.062000 0.016204 -0.002833 -0.999865 0.699883 0.714195 0.009390 0.714073 -0.699940 0.013556 0.997381
  2543 0.048800 -0.099400 -0.062100 0.013385 -0.012051 -0.999838 0.905433 0.424430 0.007080 0.424276 -0.905381 0.016593 -0.004985
  2542 0.048800 -0.099400 -0.062100 0.905433 0.424430 0.007080 -0.013385 0.012051 0.999838 0.424276 -0.905381 0.016593 -0.003392
  2541 0.048800 -0.099400 -0.062100 0.013377 -0.012055 -0.999838 0.905433 0.424430 0.007070 0.424276 -0.905381 0.016593 1.009396
  2612 0.108700 -0.003300 -0.028000 -0.018006 0.003211 -0.999833 0.069772 0.997561 0.001919 0.997400 -0.069726 -0.018186 -0.006024
  2613 0.108700 -0.003300 -0.028000 0.069772 0.997561 0.001919 0.018006 -0.003211 0.999833 0.997400 -0.069726 -0.018186 -0.005533
  2611 0.108700 -0.003300 -0.028000 -0.018020 0.003015 -0.999833 0.069769 0.997562 0.001723 0.997400 -0.069726 -0.018186 0.995716
  2623 0.106800 -0.020600 -0.062100 0.022757 0.002315 -0.999738 0.225379 0.974243 0.007366 0.974005 -0.225488 0.021649 -0.003710
  2622 0.106800 -0.020600 -0.062100 0.225379 0.974243 0.007366 -0.022757 -0.002315 0.999738 0.974005 -0.225488 0.021649 -0.001956
  2621 0.106800 -0.020600 -0.062100 0.022786 0.002443 -0.999737 0.225376 0.974243 0.007497 0.974006 -0.225488 0.021649 0.991455
  2633 0.095100 -0.052400 -0.062000 0.019463 0.000982 -0.999810 0.478423 0.878071 0.010130 0.877914 -0.478529 0.016620 -0.004373
  2632 0.095100 -0.052400 -0.062000 0.478423 0.878071 0.010130 -0.019463 -0.000982 0.999810 0.877914 -0.478529 0.016620 -0.005020
  2631 0.095100 -0.052400 -0.062000 0.019484 0.001021 -0.999810 0.478422 0.878071 0.010174 0.877914 -0.478529 0.016620 0.995339
  2642 0.101700 -0.036100 -0.027800 -0.028074 0.005433 -0.999591 0.326309 0.945254 -0.004048 0.944846 -0.326289 -0.028310 -0.006926
  2643 0.101700 -0.036100 -0.027800 0.326309 0.945254 -0.004048 0.028074 -0.005433 0.999591 0.944846 -0.326289 -0.028310 -0.004840
  2641 0.101700 -0.036100 -0.027800 -0.028046 0.005514 -0.999592 0.326312 0.945254 -0.003961 0.944846 -0.326289 -0.028310 0.996115
