   113 -0.106600 0.046400 -0.060400 -0.030794 0.009142 -0.999484 -0.179936 -0.983672 -0.003525 -0.983197 0.179735 0.031934 -0.009138
   112 -0.106600 0.046400 -0.060400 -0.179936 -0.983672 -0.003525 0.030794 -0.009142 0.999484 -0.983197 0.179735 0.031934 0.009777
   111 -0.106600 0.046400 -0.060400 -0.030770 0.009271 -0.999484 -0.179940 -0.983671 -0.003657 -0.983196 0.179735 0.031934 1.022055
   122 -0.102000 0.063100 -0.025600 0.005156 0.003666 -0.999980 -0.257448 -0.966280 -0.004878 -0.966279 0.257467 -0.004039 -0.008881
   123 -0.102000 0.063100 -0.025600 -0.257448 -0.966280 -0.004878 -0.005156 -0.003666 0.999980 -0.966279 0.257467 -0.004039 -0.004759
   121 -0.102000 0.063100 -0.025600 0.005214 0.003884 -0.999979 -0.257447 -0.966279 -0.005105 -0.966279 0.257467 -0.004039 0.999098
   132 -0.108500 0.030200 -0.026600 0.006110 0.002026 -0.999979 -0.086377 -0.996259 -0.002509 -0.996244 0.086391 -0.005912 -0.003654
   133 -0.108500 0.030200 -0.026600 -0.086377 -0.996259 -0.002509 -0.006110 -0.002026 0.999979 -0.996244 0.086391 -0.005912 -0.002240
   131 -0.108500 0.030200 -0.026600 0.006128 0.002233 -0.999979 -0.086376 -0.996259 -0.002717 -0.996244 0.086391 -0.005912 1.015382
   143 -0.109900 0.013100 -0.062700 -0.043440 0.002496 -0.999053 -0.027300 -0.999626 -0.001371 -0.998683 0.027215 0.043492 -0.010311
   142 -0.109900 0.013100 -0.062700 -0.027300 -0.999626 -0.001371 0.043440 -0.002496 0.999053 -0.998683 0.027215 0.043492 -0.001601
   141 -0.109900 0.013100 -0.062700 -0.043430 0.002866 -0.999052 -0.027316 -0.999625 -0.001741 -0.998683 0.027215 0.043492 1.019363
   213 -0.107400 0.032900 0.008000 -0.056527 0.008233 -0.998367 -0.105637 -0.994402 -0.002252 -0.992797 0.105338 0.057076 -0.008301
   212 -0.107400 0.032900 0.008000 -0.105637 -0.994402 -0.002252 0.056527 -0.008233 0.998367 -0.992797 0.105338 0.057076 -0.003172
   211 -0.107400 0.032900 0.008000 -0.056517 0.008325 -0.998367 -0.105642 -0.994401 -0.002345 -0.992797 0.105338 0.057076 0.993869
   222 -0.098900 0.040300 0.041300 -0.340535 0.059369 -0.938356 -0.162230 -0.986747 -0.003543 -0.926128 0.151022 0.345658 -0.007401
   223 -0.098900 0.040300 0.041300 -0.162230 -0.986747 -0.003543 0.340535 -0.059369 0.938356 -0.926128 0.151022 0.345658 -0.002188
   221 -0.098900 0.040300 0.041300 -0.340527 0.059419 -0.938355 -0.162247 -0.986744 -0.003591 -0.926128 0.151022 0.345658 0.989926
   232 -0.101100 0.004400 0.040800 -0.352902 0.008624 -0.935621 0.053498 -0.998136 -0.029372 -0.934131 -0.060425 0.351780 -0.003039
   233 -0.101100 0.004400 0.040800 0.053498 -0.998136 -0.029372 0.352902 -0.008624 0.935621 -0.934131 -0.060425 0.351780 -0.007046
   231 -0.101100 0.004400 0.040800 -0.352899 0.008583 -0.935622 0.053512 -0.998136 -0.029333 -0.934131 -0.060425 0.351780 0.995743
   243 -0.108300 -0.001100 0.007100 -0.077450 -0.011285 -0.996932 0.090795 -0.995861 0.004257 -0.992854 -0.090187 0.078153 -0.007595
   242 -0.108300 -0.001100 0.007100 0.090795 -0.995861 0.004257 0.077450 0.011285 0.996932 -0.992854 -0.090187 0.078153 -0.006325
   241 -0.108300 -0.001100 0.007100 -0.077480 -0.010959 -0.996934 0.090770 -0.995864 0.003931 -0.992854 -0.090187 0.078153 0.998895
   313 -0.086100 0.098800 0.009000 -0.039420 0.120483 -0.991932 -0.484445 -0.870535 -0.086498 -0.873933 0.477128 0.092681 -0.004390
   312 -0.086100 0.098800 0.009000 -0.484445 -0.870535 -0.086498 0.039420 -0.120483 0.991932 -0.873933 0.477128 0.092681 0.000894
   311 -0.086100 0.098800 0.009000 -0.039417 0.120488 -0.991932 -0.484445 -0.870534 -0.086504 -0.873933 0.477128 0.092681 1.003942
   322 -0.088700 0.075700 0.041200 -0.353539 0.119652 -0.927736 -0.365442 -0.930635 0.019237 -0.861082 0.345834 0.372743 -0.012319
   323 -0.088700 0.075700 0.041200 -0.365442 -0.930635 0.019237 0.353539 -0.119652 0.927736 -0.861082 0.345834 0.372743 -0.009680
   321 -0.088700 0.075700 0.041200 -0.353506 0.119738 -0.927737 -0.365474 -0.930624 0.019151 -0.861082 0.345834 0.372743 0.994913
   333 -0.070200 0.075800 0.070700 -0.594274 0.228872 -0.771010 -0.394778 -0.918231 0.031657 -0.700720 0.323191 0.636034 -0.020020
   332 -0.070200 0.075800 0.070700 -0.394778 -0.918231 0.031657 0.594274 -0.228872 0.771010 -0.700720 0.323191 0.636034 0.009698
   331 -0.070200 0.075800 0.070700 -0.594314 0.228779 -0.771006 -0.394717 -0.918255 0.031735 -0.700720 0.323191 0.636034 0.993820
   343 -0.100300 0.065900 0.008100 -0.060930 0.023184 -0.997873 -0.296281 -0.955092 -0.004107 -0.953155 0.295401 0.065065 -0.011414
   342 -0.100300 0.065900 0.008100 -0.296281 -0.955092 -0.004107 0.060930 -0.023184 0.997873 -0.953155 0.295401 0.065065 -0.016696
   341 -0.100300 0.065900 0.008100 -0.060929 0.023189 -0.997873 -0.296281 -0.955092 -0.004112 -0.953155 0.295401 0.065065 0.988827
   413 -0.080800 0.041300 0.072000 -0.641577 0.048912 -0.765498 -0.138562 -0.988939 0.052923 -0.754442 0.140023 0.641257 -0.004962
   412 -0.080800 0.041300 0.072000 -0.138562 -0.988939 0.052923 0.641577 -0.048912 0.765498 -0.754442 0.140023 0.641257 -0.003252
   411 -0.080800 0.041300 0.072000 -0.641577 0.048912 -0.765498 -0.138562 -0.988939 0.052923 -0.754442 0.140023 0.641258 0.996025
   422 -0.052600 0.040600 0.095200 -0.875405 -0.019567 -0.482994 -0.057133 -0.987994 0.143543 -0.480007 0.153253 0.863775 -0.002388
   423 -0.052600 0.040600 0.095200 -0.057133 -0.987994 0.143543 0.875405 0.019567 0.482994 -0.480007 0.153253 0.863775 -0.010138
   421 -0.052600 0.040600 0.095200 -0.875406 -0.019583 -0.482991 -0.057118 -0.987993 0.143551 -0.480007 0.153253 0.863775 1.005085
   432 -0.053700 0.005900 0.096900 -0.869466 -0.017753 -0.493673 0.026541 -0.999588 -0.010962 -0.493274 -0.022637 0.869580 0.003922
   433 -0.053700 0.005900 0.096900 0.026541 -0.999588 -0.010962 0.869466 0.017753 0.493673 -0.493274 -0.022637 0.869580 -0.006142
   431 -0.053700 0.005900 0.096900 -0.869465 -0.017785 -0.493674 0.026569 -0.999587 -0.010946 -0.493274 -0.022637 0.869580 1.002015
   443 -0.082900 0.006200 0.072800 -0.643474 0.002400 -0.765464 0.042280 -0.998359 -0.038634 -0.764301 -0.057225 0.642315 -0.005190
   442 -0.082900 0.006200 0.072800 0.042280 -0.998359 -0.038634 0.643474 -0.002400 0.765464 -0.764301 -0.057225 0.642315 -0.006052
   441 -0.082900 0.006200 0.072800 -0.643474 0.002394 -0.765464 0.042284 -0.998358 -0.038629 -0.764301 -0.057225 0.642315 0.995839
   513 -0.063700 0.125400 0.013600 0.016960 0.219763 -0.975406 -0.795541 -0.587967 -0.146323 -0.605662 0.778457 0.164858 -0.001073
   512 -0.063700 0.125400 0.013600 -0.795541 -0.587967 -0.146323 -0.016960 -0.219763 0.975406 -0.605662 0.778457 0.164858 -0.002072
   511 -0.063700 0.125400 0.013600 0.016919 0.219732 -0.975413 -0.795541 -0.587978 -0.146273 -0.605662 0.778457 0.164858 1.002674
   523 -0.033200 0.139700 0.017400 0.010315 0.219344 -0.975593 -0.959812 -0.271471 -0.071169 -0.280456 0.937121 0.207725 0.001549
   522 -0.033200 0.139700 0.017400 -0.959812 -0.271471 -0.071169 -0.010315 -0.219344 0.975593 -0.280456 0.937121 0.207725 -0.002580
   521 -0.033200 0.139700 0.017400 0.010141 0.219295 -0.975606 -0.959814 -0.271511 -0.070991 -0.280456 0.937120 0.207725 1.003623
   532 -0.033700 0.127400 0.048500 -0.051752 0.468379 -0.882011 -0.965109 -0.250450 -0.076417 -0.256701 0.847274 0.465006 0.000158
   533 -0.033700 0.127400 0.048500 -0.965109 -0.250450 -0.076417 0.051752 -0.468379 0.882011 -0.256701 0.847274 0.465006 0.000612
   531 -0.033700 0.127400 0.048500 -0.051787 0.468370 -0.882013 -0.965107 -0.250466 -0.076386 -0.256701 0.847275 0.465006 0.999918
   542 -0.067200 0.108900 0.044300 -0.172964 0.379391 -0.908926 -0.710033 -0.687602 -0.151842 -0.682585 0.619106 0.388311 0.002467
   543 -0.067200 0.108900 0.044300 -0.710033 -0.687602 -0.151842 0.172964 -0.379391 0.908926 -0.682585 0.619106 0.388311 0.001539
   541 -0.067200 0.108900 0.044300 -0.172946 0.379408 -0.908922 -0.710038 -0.687592 -0.151865 -0.682585 0.619106 0.388311 0.998521
   613 -0.035800 0.104800 0.075000 -0.008976 0.769768 -0.638261 -0.958338 -0.188839 -0.214311 -0.285500 0.609745 0.739392 -0.004227
   612 -0.035800 0.104800 0.075000 -0.958338 -0.188839 -0.214311 0.008976 -0.769768 0.638261 -0.285500 0.609745 0.739392 -0.005367
   611 -0.035800 0.104800 0.075000 -0.008928 0.769777 -0.638251 -0.958338 -0.188800 -0.214342 -0.285500 0.609745 0.739392 0.994303
   622 0.000100 0.077500 0.096700 0.000218 0.913456 -0.406938 -0.999992 -0.001382 -0.003853 -0.004088 0.407017 0.913411 -0.000031
   623 0.000100 0.077500 0.096700 -0.999992 -0.001382 -0.003853 -0.000218 -0.913456 0.406938 -0.004088 0.407017 0.913411 -0.011619
   621 0.000100 0.077500 0.096700 0.000170 0.913456 -0.406938 -0.999992 -0.001426 -0.003833 -0.004088 0.407017 0.913411 1.007911
   633 -0.018400 0.044000 0.106300 0.006326 0.984152 -0.177215 -0.990768 -0.017738 -0.134405 -0.135414 0.176428 0.974954 0.013122
   632 -0.018400 0.044000 0.106300 -0.990768 -0.017738 -0.134405 -0.006326 -0.984152 0.177215 -0.135414 0.176428 0.974954 0.005690
   631 -0.018400 0.044000 0.106300 0.006310 0.984152 -0.177217 -0.990768 -0.017754 -0.134402 -0.135414 0.176428 0.974954 1.011260
   642 -0.036800 0.075300 0.092200 -0.027847 0.900151 -0.434687 -0.952124 -0.156298 -0.262738 -0.304446 0.406561 0.861407 -0.006870
   643 -0.036800 0.075300 0.092200 -0.952124 -0.156298 -0.262738 0.027847 -0.900151 0.434687 -0.304446 0.406561 0.861407 -0.007901
   641 -0.036800 0.075300 0.092200 -0.027859 0.900090 -0.434813 -0.951876 -0.156675 -0.263410 -0.305218 0.406551 0.861138 1.004093
   713 -0.018500 0.010500 0.109600 -0.988540 -0.011908 -0.150491 0.015200 -0.999664 -0.020983 -0.150192 -0.023030 0.988389 -0.009070
   712 -0.018500 0.010500 0.109600 0.015200 -0.999664 -0.020983 0.988540 0.011908 0.150491 -0.150192 -0.023030 0.988389 0.001954
   711 -0.018500 0.010500 0.109600 -0.988540 -0.011928 -0.150491 0.015220 -0.999664 -0.020980 -0.150192 -0.023030 0.988389 1.010044
   723 0.018600 0.010500 0.109600 0.989146 -0.007082 -0.146768 0.002526 0.999512 -0.031126 0.146916 0.030416 0.988681 -0.000140
   722 0.018600 0.010500 0.109600 0.002526 0.999512 -0.031126 -0.989146 0.007082 0.146768 0.146916 0.030416 0.988681 -0.002084
   721 0.018600 0.010500 0.109600 0.989146 -0.006885 -0.146774 0.002331 0.999513 -0.031097 0.146916 0.030416 0.988681 1.009163
   733 0.018600 -0.023300 0.105900 -0.036983 -0.969667 -0.241614 0.987982 0.000816 -0.154567 0.150077 -0.244428 0.957983 0.000243
   732 0.018600 -0.023300 0.105900 0.987982 0.000816 -0.154567 0.036983 0.969667 0.241614 0.150077 -0.244428 0.957983 -0.003660
   731 0.018600 -0.023300 0.105900 -0.036890 -0.969657 -0.241672 0.987993 0.000901 -0.154494 0.150026 -0.244470 0.957981 0.998073
   743 -0.018500 -0.023700 0.105800 0.039853 -0.968877 -0.244312 0.992262 0.009519 0.123796 -0.117618 -0.247356 0.961759 -0.007914
   742 -0.018500 -0.023700 0.105800 0.992262 0.009519 0.123796 -0.039853 0.968877 0.244312 -0.117618 -0.247356 0.961759 0.027055
   741 -0.018500 -0.023700 0.105800 0.039953 -0.968876 -0.244299 0.992258 0.009617 0.123821 -0.117618 -0.247356 0.961759 1.002434
   813 0.000100 0.144500 0.018700 -0.000441 0.261375 -0.965237 -0.999967 -0.008002 -0.001673 -0.008162 0.965205 0.261368 -0.007458
   812 0.000100 0.144500 0.018700 -0.999967 -0.008002 -0.001673 0.000441 -0.261375 0.965237 -0.008162 0.965205 0.261368 -0.006229
   811 0.000100 0.144500 0.018700 -0.000429 0.261375 -0.965237 -0.999967 -0.007999 -0.001684 -0.008162 0.965205 0.261368 1.022764
   822 0.000100 0.131600 0.050000 0.000641 0.485670 -0.874142 -0.999914 0.011711 0.005863 0.013084 0.874061 0.485640 -0.019483
   823 0.000100 0.131600 0.050000 -0.999914 0.011711 0.005863 -0.000641 -0.485670 0.874142 0.013084 0.874061 0.485640 -0.000715
   821 0.000100 0.131600 0.050000 0.000542 0.485672 -0.874141 -0.999914 0.011663 0.005948 0.013084 0.874061 0.485640 0.991850
   913 0.033100 0.139700 0.017300 -0.002633 0.245952 -0.969279 -0.964219 0.256324 0.067677 0.265095 0.934775 0.236477 -0.009095
   912 0.033100 0.139700 0.017300 -0.964219 0.256324 0.067677 0.002633 -0.245952 0.969279 0.265095 0.934775 0.236477 -0.003354
   911 0.033100 0.139700 0.017300 -0.002617 0.245948 -0.969280 -0.964219 0.256328 0.067661 0.265095 0.934775 0.236477 1.003695
   923 0.063800 0.125300 0.013500 -0.019780 0.220807 -0.975117 -0.779499 0.607329 0.153402 0.626088 0.763139 0.160105 -0.008964
   922 0.063800 0.125300 0.013500 -0.779499 0.607329 0.153402 0.019780 -0.220807 0.975117 0.626088 0.763139 0.160105 -0.007747
   921 0.063800 0.125300 0.013500 -0.019751 0.220784 -0.975123 -0.779500 0.607337 0.153366 0.626088 0.763139 0.160105 1.001770
   932 0.067100 0.108800 0.044400 0.179525 0.381253 -0.906872 -0.722668 0.676587 0.141356 0.667471 0.629990 0.396983 -0.006312
   933 0.067100 0.108800 0.044400 -0.722668 0.676587 0.141356 -0.179525 -0.381253 0.906872 0.667471 0.629990 0.396983 -0.003775
   931 0.067100 0.108800 0.044400 0.179354 0.381413 -0.906838 -0.722710 0.676497 0.141571 0.667471 0.629990 0.396983 1.008235
   942 0.033800 0.127300 0.048600 0.053409 0.462007 -0.885267 -0.963508 0.256698 0.075883 0.262307 0.848905 0.458864 -0.017043
   943 0.033800 0.127300 0.048600 -0.963508 0.256698 0.075883 -0.053409 -0.462007 0.885267 0.262307 0.848905 0.458864 0.000141
   941 0.033800 0.127300 0.048600 0.053398 0.462010 -0.885266 -0.963509 0.256692 0.075894 0.262307 0.848905 0.458864 0.988720
  1013 0.000100 0.109300 0.077100 0.001021 0.755712 -0.654903 -0.999771 -0.013274 -0.016790 -0.021382 0.654771 0.755525 0.002814
  1012 0.000100 0.109300 0.077100 -0.999771 -0.013274 -0.016790 -0.001021 -0.755712 0.654903 -0.021382 0.654771 0.755525 0.001506
  1011 0.000100 0.109300 0.077100 0.000877 0.755711 -0.654905 -0.999771 -0.013383 -0.016695 -0.021382 0.654771 0.755525 0.993742
  1023 0.035800 0.104800 0.075000 0.006338 0.767158 -0.641426 -0.963033 0.177453 0.202678 0.269307 0.616429 0.739925 0.017496
  1022 0.035800 0.104800 0.075000 -0.963033 0.177453 0.202678 -0.006338 -0.767158 0.641426 0.269307 0.616429 0.739925 0.008378
  1021 0.035800 0.104800 0.075000 0.006388 0.767149 -0.641437 -0.963032 0.177493 0.202645 0.269307 0.616429 0.739926 0.988017
  1032 0.036800 0.075200 0.092300 0.030761 0.898119 -0.438675 -0.950756 0.161696 0.264419 0.308411 0.408934 0.858869 0.000311
  1033 0.036800 0.075200 0.092300 -0.950756 0.161696 0.264419 -0.030761 -0.898119 0.438675 0.308411 0.408934 0.858869 -0.003720
  1031 0.036800 0.075200 0.092300 0.030618 0.898067 -0.438792 -0.950538 0.161902 0.265077 0.309098 0.408968 0.858606 0.994319
  1043 0.018400 0.044200 0.106200 -0.015506 0.976489 -0.215008 -0.993019 0.010111 0.117523 0.116948 0.215338 0.969512 -0.014162
  1042 0.018400 0.044200 0.106200 -0.993019 0.010111 0.117523 0.015507 -0.976487 0.215017 0.116948 0.215338 0.969512 -0.000092
  1041 0.018400 0.044200 0.106200 -0.015664 0.976491 -0.214989 -0.993016 0.009956 0.117557 0.116948 0.215338 0.969512 1.003709
  1112 0.052500 0.040600 0.095300 0.879246 -0.016484 -0.476082 -0.060585 0.987412 -0.146107 0.472502 0.157292 0.867180 -0.006711
  1113 0.052500 0.040600 0.095300 -0.060585 0.987412 -0.146107 -0.879246 0.016484 0.476082 0.472502 0.157292 0.867180 0.011902
  1111 0.052500 0.040600 0.095300 0.879240 -0.016381 -0.476097 -0.060676 0.987414 -0.146057 0.472502 0.157292 0.867180 1.005589
  1123 0.080900 0.041300 0.072100 0.646939 0.052817 -0.760710 -0.169128 0.982689 -0.075616 0.743548 0.177577 0.644672 -0.006781
  1122 0.080900 0.041300 0.072100 -0.169128 0.982689 -0.075616 -0.646939 -0.052817 0.760710 0.743548 0.177577 0.644672 -0.008733
  1121 0.080900 0.041300 0.072100 0.646912 0.052977 -0.760722 -0.169233 0.982680 -0.075492 0.743549 0.177577 0.644672 0.994316
  1133 0.082800 0.006100 0.072800 0.642040 0.000623 -0.766671 0.021283 0.999599 0.018673 0.766374 -0.028306 0.641770 -0.005780
  1132 0.082800 0.006100 0.072800 0.021283 0.999599 0.018673 -0.642040 -0.000623 0.766671 0.766374 -0.028306 0.641770 -0.011903
  1131 0.082800 0.006100 0.072800 0.642045 0.000881 -0.766666 0.021117 0.999599 0.018871 0.766374 -0.028306 0.641771 0.991555
  1142 0.053500 0.006200 0.097000 0.869697 -0.018209 -0.493249 0.028287 0.999516 0.012982 0.492771 -0.025240 0.869793 -0.009811
  1143 0.053500 0.006200 0.097000 0.028287 0.999516 0.012982 -0.869697 0.018209 0.493249 0.492771 -0.025240 0.869793 0.005321
  1141 0.053500 0.006200 0.097000 0.869700 -0.018109 -0.493248 0.028200 0.999517 0.013031 0.492771 -0.025240 0.869793 0.999004
  1213 0.086200 0.098600 0.008900 0.039110 0.115738 -0.992509 -0.514832 0.853621 0.079244 0.856398 0.507877 0.092971 -0.003837
  1212 0.086200 0.098600 0.008900 -0.514832 0.853621 0.079244 -0.039110 -0.115738 0.992509 0.856398 0.507877 0.092971 -0.000410
  1211 0.086200 0.098600 0.008900 0.039215 0.115563 -0.992526 -0.514823 0.853645 0.079040 0.856398 0.507877 0.092971 0.996355
  1223 0.100300 0.066000 0.008200 0.074515 0.029955 -0.996770 -0.317870 0.948122 0.004792 0.945203 0.316487 0.080173 -0.003650
  1222 0.100300 0.066000 0.008200 -0.317870 0.948122 0.004792 -0.074515 -0.029955 0.996770 0.945203 0.316487 0.080173 0.002586
  1221 0.100300 0.066000 0.008200 0.074515 0.029957 -0.996770 -0.317871 0.948122 0.004794 0.945203 0.316487 0.080173 0.999780
  1232 0.088700 0.075700 0.041200 0.350237 0.118361 -0.929153 -0.372168 0.927902 -0.022113 0.859546 0.353546 0.369034 -0.003937
  1233 0.088700 0.075700 0.041200 -0.372168 0.927902 -0.022113 -0.350237 -0.118361 0.929153 0.859546 0.353546 0.369034 -0.004212
  1231 0.088700 0.075700 0.041200 0.350298 0.118209 -0.929149 -0.372111 0.927921 -0.022266 0.859546 0.353546 0.369034 1.000981
  1243 0.069900 0.075800 0.070900 0.611693 0.237747 -0.754525 -0.433039 0.898824 -0.067777 0.662071 0.368197 0.652758 -0.006887
  1242 0.069900 0.075800 0.070900 -0.433039 0.898824 -0.067777 -0.611693 -0.237747 0.754525 0.662071 0.368197 0.652758 -0.003329
  1241 0.069900 0.075800 0.070900 0.611708 0.237717 -0.754523 -0.433018 0.898831 -0.067803 0.662071 0.368197 0.652759 0.999151
  1312 0.098900 0.040400 0.041300 0.346822 0.061248 -0.935929 -0.166619 0.986018 0.002719 0.923009 0.155004 0.352175 -0.003778
  1313 0.098900 0.040400 0.041300 -0.166619 0.986018 0.002719 -0.346822 -0.061248 0.935929 0.923009 0.155004 0.352175 -0.009491
  1311 0.098900 0.040400 0.041300 0.346789 0.061443 -0.935928 -0.166688 0.986005 0.002904 0.923009 0.155004 0.352175 1.000311
  1323 0.107400 0.032900 0.008100 0.066910 0.011934 -0.997688 -0.139681 0.990193 0.002478 0.987933 0.139193 0.067925 -0.004179
  1322 0.107400 0.032900 0.008100 -0.139681 0.990193 0.002478 -0.066910 -0.011934 0.997688 0.987933 0.139193 0.067925 -0.001534
  1321 0.107400 0.032900 0.008100 0.066904 0.011975 -0.997687 -0.139684 0.990193 0.002519 0.987933 0.139193 0.067925 0.996768
  1333 0.108300 -0.001100 0.006800 0.054877 -0.002547 -0.998490 0.053959 0.998543 0.000454 0.997034 -0.053902 0.054937 -0.005558
  1332 0.108300 -0.001100 0.006800 0.053959 0.998543 0.000454 -0.054877 0.002547 0.998490 0.997034 -0.053902 0.054937 -0.005933
  1331 0.108300 -0.001100 0.006800 0.054884 -0.002412 -0.998490 0.053952 0.998544 0.000589 0.997034 -0.053902 0.054937 1.007424
  1342 0.101000 0.004400 0.041000 0.352771 0.007818 -0.935677 0.035474 0.999135 0.021682 0.935037 -0.040841 0.352190 -0.001400
  1343 0.101000 0.004400 0.041000 0.035474 0.999135 0.021682 -0.352771 -0.007818 0.935677 0.935037 -0.040841 0.352190 0.002811
  1341 0.101000 0.004400 0.041000 0.352781 0.008110 -0.935671 0.035371 0.999133 0.021955 0.935037 -0.040841 0.352190 1.028736
  1412 0.102000 0.063000 -0.026000 -0.003177 0.006709 -0.999973 -0.286069 0.958181 0.007357 0.958204 0.286084 -0.001125 -0.004509
  1413 0.102000 0.063000 -0.026000 -0.286069 0.958181 0.007357 0.003177 -0.006709 0.999973 0.958204 0.286084 -0.001125 -0.007552
  1411 0.102000 0.063000 -0.026000 -0.003138 0.006580 -0.999973 -0.286069 0.958182 0.007223 0.958204 0.286084 -0.001125 0.998571
  1423 0.106500 0.046900 -0.060000 0.033673 0.012159 -0.999359 -0.181598 0.983356 0.005836 0.982796 0.181285 0.035321 -0.008471
  1422 0.106500 0.046900 -0.060000 -0.181598 0.983356 0.005836 -0.033673 -0.012159 0.999359 0.982796 0.181285 0.035321 -0.002405
  1421 0.106500 0.046900 -0.060000 0.033652 0.012273 -0.999358 -0.181602 0.983354 0.005952 0.982796 0.181285 0.035321 1.001346
  1433 0.109800 0.013100 -0.062200 0.035187 0.004667 -0.999370 -0.005927 0.999973 0.004420 0.999363 0.005768 0.035215 -0.008560
  1432 0.109800 0.013100 -0.062200 -0.005927 0.999973 0.004420 -0.035187 -0.004667 0.999370 0.999363 0.005768 0.035215 -0.001170
  1431 0.109800 0.013100 -0.062200 0.035187 0.004608 -0.999370 -0.005925 0.999973 0.004361 0.999363 0.005768 0.035215 1.011472
  1442 0.108300 0.030100 -0.026200 -0.004770 0.004500 -0.999979 -0.112327 0.993658 0.005078 0.993660 0.112348 -0.004235 -0.006036
  1443 0.108300 0.030100 -0.026200 -0.112327 0.993658 0.005078 0.004770 -0.004500 0.999979 0.993660 0.112348 -0.004235 -0.006148
  1441 0.108300 0.030100 -0.026200 -0.004793 0.004705 -0.999977 -0.112326 0.993657 0.005284 0.993660 0.112348 -0.004235 1.007294
  1512 -0.108800 -0.003200 -0.028400 0.010046 -0.000108 -0.999950 0.092194 -0.995741 0.000978 -0.995691 -0.092195 -0.009999 -0.006965
  1513 -0.108800 -0.003200 -0.028400 0.092194 -0.995741 0.000978 -0.010046 0.000108 0.999950 -0.995691 -0.092195 -0.009999 -0.008697
  1511 -0.108800 -0.003200 -0.028400 0.010036 -0.000003 -0.999950 0.092196 -0.995741 0.000872 -0.995691 -0.092195 -0.009999 1.001389
  1522 -0.101700 -0.036000 -0.028100 0.031043 0.003878 -0.999511 0.344617 -0.938716 0.007103 -0.938230 -0.344668 -0.030477 -0.007170
  1523 -0.101700 -0.036000 -0.028100 0.344617 -0.938716 0.007103 -0.031043 -0.003878 0.999511 -0.938230 -0.344668 -0.030477 -0.008121
  1521 -0.101700 -0.036000 -0.028100 0.031039 0.003887 -0.999511 0.344618 -0.938716 0.007093 -0.938230 -0.344668 -0.030477 1.000209
  1533 -0.095100 -0.052400 -0.062300 -0.038469 -0.011695 -0.999191 0.468787 -0.883278 -0.007682 -0.882474 -0.468703 0.039463 -0.006558
  1532 -0.095100 -0.052400 -0.062300 0.468787 -0.883278 -0.007682 0.038469 0.011695 0.999191 -0.882474 -0.468703 0.039463 -0.001881
  1531 -0.095100 -0.052400 -0.062300 -0.038450 -0.011731 -0.999192 0.468788 -0.883278 -0.007641 -0.882474 -0.468703 0.039463 1.013716
  1543 -0.106800 -0.020500 -0.062500 -0.019552 0.000408 -0.999809 0.182851 -0.983133 -0.003990 -0.982946 -0.182895 0.019149 -0.011551
  1542 -0.106800 -0.020500 -0.062500 0.182851 -0.983133 -0.003990 0.019552 -0.000408 0.999809 -0.982946 -0.182895 0.019149 0.002250
  1541 -0.106800 -0.020500 -0.062500 -0.019690 0.001151 -0.999805 0.182836 -0.983132 -0.004745 -0.982946 -0.182895 0.019149 1.018569
  1613 -0.101700 -0.033900 0.005600 -0.063361 -0.029832 -0.997545 0.324376 -0.945897 0.007736 -0.943803 -0.323096 0.069612 -0.005078
  1612 -0.101700 -0.033900 0.005600 0.324376 -0.945897 0.007736 0.063361 0.029832 0.997545 -0.943803 -0.323096 0.069612 -0.006669
  1611 -0.101700 -0.033900 0.005600 -0.063363 -0.029824 -0.997545 0.324376 -0.945897 0.007728 -0.943803 -0.323096 0.069612 0.998776
  1622 -0.095200 -0.030800 0.039100 -0.316835 -0.055489 -0.946856 0.297768 -0.953639 -0.043663 -0.900536 -0.295777 0.318670 -0.002737
  1623 -0.095200 -0.030800 0.039100 0.297768 -0.953639 -0.043663 0.316835 0.055489 0.946856 -0.900536 -0.295777 0.318670 -0.004334
  1621 -0.095200 -0.030800 0.039100 -0.316843 -0.055462 -0.946855 0.297759 -0.953641 -0.043690 -0.900536 -0.295777 0.318670 1.005469
  1632 -0.078100 -0.062800 0.039400 -0.256821 -0.197703 -0.946021 0.601207 -0.799085 0.003752 -0.756693 -0.567791 0.324083 -0.001231
  1633 -0.078100 -0.062800 0.039400 0.601207 -0.799085 0.003752 0.256821 0.197703 0.946021 -0.756693 -0.567791 0.324083 -0.008255
  1631 -0.078100 -0.062800 0.039400 -0.256835 -0.197684 -0.946021 0.601201 -0.799089 0.003730 -0.756693 -0.567791 0.324083 0.999027
  1643 -0.086600 -0.064000 0.005500 -0.062089 -0.049353 -0.996850 0.567978 -0.823026 0.005317 -0.820696 -0.565858 0.079137 -0.004761
  1642 -0.086600 -0.064000 0.005500 0.567978 -0.823026 0.005317 0.062089 0.049353 0.996850 -0.820696 -0.565858 0.079137 -0.014965
  1641 -0.086600 -0.064000 0.005500 -0.062098 -0.049340 -0.996850 0.567977 -0.823027 0.005301 -0.820696 -0.565858 0.079137 0.993628
  1713 -0.075800 -0.079700 -0.062100 -0.002136 -0.017233 -0.999849 0.673022 -0.739537 0.011265 -0.739622 -0.672894 0.013177 -0.008811
  1712 -0.075800 -0.079700 -0.062100 0.673022 -0.739537 0.011265 0.002136 0.017233 0.999849 -0.739622 -0.672894 0.013177 0.001468
  1711 -0.075800 -0.079700 -0.062100 -0.002114 -0.017256 -0.999849 0.673022 -0.739536 0.011297 -0.739622 -0.672894 0.013177 1.001817
  1722 -0.086100 -0.066000 -0.028200 0.022720 0.009319 -0.999698 0.581859 -0.813270 0.005638 -0.812969 -0.581816 -0.023902 -0.003477
  1723 -0.086100 -0.066000 -0.028200 0.581859 -0.813270 0.005638 -0.022720 -0.009319 0.999698 -0.812969 -0.581816 -0.023902 -0.002648
  1721 -0.086100 -0.066000 -0.028200 0.022516 0.009603 -0.999700 0.581867 -0.813267 0.005289 -0.812969 -0.581816 -0.023902 0.995242
  1732 -0.063200 -0.090500 -0.027800 0.026236 0.037643 -0.998947 0.817018 -0.576613 -0.000219 -0.576014 -0.816151 -0.045881 -0.003874
  1733 -0.063200 -0.090500 -0.027800 0.817018 -0.576613 -0.000219 -0.026236 -0.037643 0.998947 -0.576014 -0.816151 -0.045881 -0.003312
  1731 -0.063200 -0.090500 -0.027800 0.026069 0.037761 -0.998947 0.817023 -0.576605 -0.000424 -0.576014 -0.816151 -0.045881 1.000733
  1743 -0.048900 -0.099400 -0.062100 -0.013236 -0.018112 -0.999748 0.893235 -0.449575 -0.003674 -0.449395 -0.893059 0.022130 -0.015672
  1742 -0.048900 -0.099400 -0.062100 0.893235 -0.449575 -0.003674 0.013236 0.018112 0.999748 -0.449395 -0.893059 0.022130 -0.006286
  1741 -0.048900 -0.099400 -0.062100 -0.013304 -0.018078 -0.999748 0.893234 -0.449577 -0.003750 -0.449395 -0.893059 0.022130 0.988017
  1813 -0.078600 -0.028700 0.069600 -0.620615 -0.042094 -0.782985 0.248284 -0.957725 -0.145320 -0.743762 -0.284585 0.604838 -0.002874
  1812 -0.078600 -0.028700 0.069600 0.248284 -0.957725 -0.145320 0.620615 0.042094 0.782985 -0.743762 -0.284585 0.604838 -0.006869
  1811 -0.078600 -0.028700 0.069600 -0.620552 -0.042334 -0.783022 0.248440 -0.957715 -0.145123 -0.743762 -0.284585 0.604838 1.001434
  1822 -0.051800 -0.027700 0.092700 -0.862221 0.023689 -0.505977 0.110020 -0.966256 -0.232907 -0.494432 -0.256481 0.830515 -0.002564
  1823 -0.051800 -0.027700 0.092700 0.110020 -0.966256 -0.232907 0.862221 -0.023689 0.505977 -0.494432 -0.256481 0.830515 -0.007580
  1821 -0.051800 -0.027700 0.092700 -0.862213 0.023616 -0.505995 0.110086 -0.966257 -0.232868 -0.494432 -0.256481 0.830515 1.004180
  1832 -0.018100 -0.054200 0.092300 0.070303 -0.842589 -0.533948 0.989594 -0.008426 0.143644 -0.125529 -0.538490 0.833230 -0.003287
  1833 -0.018100 -0.054200 0.092300 0.989594 -0.008426 0.143644 -0.070303 0.842589 0.533948 -0.125529 -0.538490 0.833230 0.018834
  1831 -0.018100 -0.054200 0.092300 0.070526 -0.842591 -0.533916 0.989578 -0.008236 0.143765 -0.125528 -0.538490 0.833229 0.994498
  1843 -0.055200 -0.062700 0.070700 -0.382127 -0.497675 -0.778652 0.779392 -0.626283 0.017809 -0.496526 -0.600076 0.627193 -0.000409
  1842 -0.055200 -0.062700 0.070700 0.779392 -0.626283 0.017809 0.382120 0.497667 0.778660 -0.496526 -0.600076 0.627193 -0.007783
  1841 -0.055200 -0.062700 0.070700 -0.382113 -0.497686 -0.778652 0.779399 -0.626274 0.017823 -0.496526 -0.600076 0.627193 1.002032
  1912 -0.051300 -0.086100 0.039700 -0.153439 -0.299237 -0.941761 0.881860 -0.471470 0.006163 -0.445858 -0.829555 0.336228 -0.003331
  1913 -0.051300 -0.086100 0.039700 0.881860 -0.471470 0.006163 0.153439 0.299237 0.941761 -0.445858 -0.829555 0.336228 -0.005958
  1911 -0.051300 -0.086100 0.039700 -0.153455 -0.299228 -0.941761 0.881858 -0.471476 0.006146 -0.445858 -0.829555 0.336228 1.003012
  1923 -0.033500 -0.103300 0.006200 -0.043083 -0.136838 -0.989656 0.959198 -0.282722 -0.002669 -0.279428 -0.949393 0.143435 -0.005502
  1922 -0.033500 -0.103300 0.006200 0.959198 -0.282722 -0.002669 0.043083 0.136838 0.989656 -0.279428 -0.949393 0.143435 -0.018095
  1921 -0.033500 -0.103300 0.006200 -0.043073 -0.136840 -0.989656 0.959199 -0.282721 -0.002659 -0.279428 -0.949393 0.143435 1.004188
  1932 -0.033100 -0.105100 -0.027800 0.008240 0.023460 -0.999691 0.950736 -0.310000 0.000557 -0.309888 -0.950448 -0.024857 -0.000444
  1933 -0.033100 -0.105100 -0.027800 0.950736 -0.310000 0.000557 -0.008240 -0.023460 0.999691 -0.309888 -0.950448 -0.024857 0.000974
  1931 -0.033100 -0.105100 -0.027800 0.008169 0.023483 -0.999691 0.950737 -0.309999 0.000483 -0.309888 -0.950448 -0.024857 0.996495
  1943 -0.063600 -0.088400 0.006000 -0.065859 -0.088392 -0.993906 0.806022 -0.591885 -0.000725 -0.588217 -0.801156 0.110227 -0.002606
  1942 -0.063600 -0.088400 0.006000 0.806022 -0.591885 -0.000725 0.065859 0.088392 0.993906 -0.588217 -0.801156 0.110227 0.000274
  1941 -0.063600 -0.088400 0.006000 -0.065938 -0.088333 -0.993906 0.806015 -0.591894 -0.000824 -0.588217 -0.801156 0.110227 1.002857
  2013 -0.018600 -0.080100 0.069000 -0.001449 -0.623291 -0.781988 0.993101 -0.092596 0.071950 -0.117260 -0.776495 0.619117 -0.007588
  2012 -0.018600 -0.080100 0.069000 0.993101 -0.092596 0.071950 0.001449 0.623291 0.781988 -0.117260 -0.776495 0.619117 -0.011843
  2011 -0.018600 -0.080100 0.069000 -0.001470 -0.623289 -0.781990 0.993101 -0.092609 0.071934 -0.117260 -0.776495 0.619117 1.001106
  2023 0.018600 -0.080200 0.068900 0.000613 -0.621973 -0.783039 0.986608 0.128115 -0.100957 0.163144 -0.772476 0.613730 -0.001496
  2022 0.018600 -0.080200 0.068900 0.986608 0.128115 -0.100957 -0.000613 0.621973 0.783039 0.163144 -0.772476 0.613730 0.004512
  2021 0.018600 -0.080200 0.068900 0.000621 -0.621971 -0.783040 0.986608 0.128120 -0.100950 0.163144 -0.772476 0.613730 1.000895
  2032 0.016900 -0.097200 0.039700 0.000133 -0.375643 -0.926764 0.988563 0.139818 -0.056525 0.150806 -0.916159 0.371363 -0.002778
  2033 0.016900 -0.097200 0.039700 0.988563 0.139818 -0.056525 -0.000133 0.375643 0.926764 0.150806 -0.916159 0.371363 -0.008767
  2031 0.016900 -0.097200 0.039700 0.000138 -0.375643 -0.926764 0.988562 0.139820 -0.056521 0.150806 -0.916159 0.371363 0.997573
  2042 -0.017000 -0.097200 0.039700 -0.000424 -0.373292 -0.927714 0.990178 -0.129841 0.051850 -0.139801 -0.918580 0.369685 -0.014049
  2043 -0.017000 -0.097200 0.039700 0.990178 -0.129841 0.051850 0.000424 0.373292 0.927714 -0.139801 -0.918580 0.369685 -0.001830
  2041 -0.017000 -0.097200 0.039700 -0.000441 -0.373290 -0.927715 0.990178 -0.129847 0.051834 -0.139802 -0.918580 0.369685 1.004080
  2113 0.000000 -0.108600 0.007000 -0.000163 -0.164965 -0.986300 0.999833 0.017988 -0.003187 0.018268 -0.986135 0.164934 -0.002391
  2112 0.000000 -0.108600 0.007000 0.999833 0.017988 -0.003187 0.000163 0.164965 0.986300 0.018268 -0.986135 0.164934 -0.010016
  2111 0.000000 -0.108600 0.007000 -0.000047 -0.164963 -0.986300 0.999833 0.018007 -0.003073 0.018268 -0.986135 0.164934 1.010799
  2122 0.000000 -0.110600 -0.027500 -0.000007 0.049050 -0.998796 0.999999 0.001510 0.000083 0.001527 -0.998794 -0.049070 0.004388
  2123 0.000000 -0.110600 -0.027500 0.999999 0.001510 0.000083 0.000007 -0.049050 0.998796 0.001527 -0.998794 -0.049070 0.007248
  2121 0.000000 -0.110600 -0.027500 0.000125 0.049050 -0.998796 0.999999 0.001504 0.000215 0.001527 -0.998794 -0.049070 1.002198
  2133 0.017000 -0.109800 -0.061800 0.009347 -0.011381 -0.999892 0.988250 0.152660 0.007564 0.152555 -0.988214 0.012674 -0.003217
  2132 0.017000 -0.109800 -0.061800 0.988250 0.152660 0.007564 -0.009347 0.011381 0.999892 0.152555 -0.988214 0.012674 -0.004063
  2131 0.017000 -0.109800 -0.061800 0.009295 -0.011389 -0.999892 0.988250 0.152659 0.007511 0.152555 -0.988214 0.012674 1.005337
  2143 -0.017100 -0.109800 -0.061900 -0.007711 -0.020030 -0.999770 0.980907 -0.194444 -0.003634 -0.194325 -0.980709 0.021146 -0.010624
  2142 -0.017100 -0.109800 -0.061900 0.980907 -0.194444 -0.003634 0.007711 0.020030 0.999770 -0.194325 -0.980709 0.021146 -0.011913
  2141 -0.017100 -0.109800 -0.061900 -0.007714 -0.020029 -0.999770 0.980907 -0.194444 -0.003637 -0.194325 -0.980709 0.021146 0.995046
  2212 0.051700 -0.027600 0.092800 0.861994 0.025957 -0.506253 0.110367 0.965120 0.237407 0.494760 -0.260508 0.829064 -0.006671
  2213 0.051700 -0.027600 0.092800 0.110367 0.965120 0.237407 -0.861994 -0.025957 0.506253 0.494760 -0.260508 0.829064 -0.011502
  2211 0.051700 -0.027600 0.092800 0.862001 0.026016 -0.506238 0.110314 0.965119 0.237438 0.494760 -0.260508 0.829064 0.994337
  2223 0.078600 -0.028400 0.069800 0.629457 -0.043381 -0.775823 0.227552 0.964952 0.130721 0.742961 -0.258823 0.617267 -0.001646
  2222 0.078600 -0.028400 0.069800 0.227552 0.964952 0.130721 -0.629457 0.043381 0.775823 0.742961 -0.258823 0.617267 0.013591
  2221 0.078600 -0.028400 0.069800 0.629489 -0.043243 -0.775805 0.227462 0.964958 0.130832 0.742961 -0.258823 0.617267 1.001243
  2233 0.055300 -0.062800 0.070600 0.389996 -0.507340 -0.768446 0.774013 0.632679 -0.024927 0.498823 -0.585067 0.639431 -0.009169
  2232 0.055300 -0.062800 0.070600 0.774013 0.632679 -0.024927 -0.389996 0.507340 0.768446 0.498823 -0.585067 0.639431 -0.002218
  2231 0.055300 -0.062800 0.070600 0.390057 -0.507290 -0.768448 0.773982 0.632719 -0.024866 0.498823 -0.585067 0.639431 0.993427
  2242 0.018200 -0.054200 0.092200 -0.070249 -0.839970 -0.538066 0.987165 0.018997 -0.158568 0.143408 -0.542306 0.827852 -0.007357
  2243 0.018200 -0.054200 0.092200 0.987165 0.018997 -0.158568 0.070249 0.839970 0.538066 0.143408 -0.542306 0.827852 -0.005614
  2241 0.018200 -0.054200 0.092200 -0.069683 -0.839960 -0.538156 0.987205 0.019478 -0.158259 0.143408 -0.542306 0.827852 0.985345
  2312 0.051300 -0.086100 0.039700 0.149492 -0.295772 -0.943489 0.877917 0.478687 -0.010991 0.454889 -0.826661 0.331221 -0.002032
  2313 0.051300 -0.086100 0.039700 0.877917 0.478687 -0.010991 -0.149492 0.295772 0.943489 0.454889 -0.826661 0.331221 -0.010773
  2311 0.051300 -0.086100 0.039700 0.149493 -0.295772 -0.943489 0.877917 0.478687 -0.010991 0.454889 -0.826661 0.331221 1.000991
  2323 0.063700 -0.088400 0.006200 0.054763 -0.069070 -0.996108 0.801463 0.598038 0.002647 0.595528 -0.798488 0.088107 -0.003590
  2322 0.063700 -0.088400 0.006200 0.801463 0.598038 0.002647 -0.054763 0.069070 0.996108 0.595528 -0.798488 0.088107 -0.008585
  2321 0.063700 -0.088400 0.006200 0.054781 -0.069057 -0.996108 0.801462 0.598040 0.002669 0.595528 -0.798488 0.088107 1.005269
  2332 0.033000 -0.105100 -0.027700 -0.006755 0.028720 -0.999565 0.946624 0.322328 0.002852 0.322272 -0.946192 -0.029362 -0.002475
  2333 0.033000 -0.105100 -0.027700 0.946624 0.322328 0.002852 0.006755 -0.028720 0.999565 0.322272 -0.946192 -0.029362 -0.010392
  2331 0.033000 -0.105100 -0.027700 -0.006722 0.028731 -0.999564 0.946624 0.322327 0.002886 0.322272 -0.946192 -0.029362 1.009169
  2343 0.033300 -0.103400 0.006300 0.039333 -0.116972 -0.992356 0.945785 0.324791 -0.000794 0.322397 -0.938527 0.123402 -0.002256
  2342 0.033300 -0.103400 0.006300 0.945785 0.324791 -0.000794 -0.039333 0.116972 0.992356 0.322397 -0.938527 0.123402 0.007717
  2341 0.033300 -0.103400 0.006300 0.039323 -0.116976 -0.992356 0.945786 0.324790 -0.000805 0.322397 -0.938527 0.123402 1.014590
  2412 0.095200 -0.030600 0.039200 0.313090 -0.059902 -0.947832 0.302192 0.952422 0.039646 0.900362 -0.298840 0.316295 0.007300
  2413 0.095200 -0.030600 0.039200 0.302192 0.952422 0.039646 -0.313090 0.059902 0.947832 0.900362 -0.298840 0.316295 -0.006027
  2411 0.095200 -0.030600 0.039200 0.313187 -0.059595 -0.947820 0.302091 0.952441 0.039951 0.900362 -0.298840 0.316295 1.002189
  2423 0.101700 -0.033800 0.005800 0.063502 -0.027433 -0.997605 0.316605 0.948539 -0.005902 0.946432 -0.315464 0.068915 0.000988
  2422 0.101700 -0.033800 0.005800 0.316605 0.948539 -0.005902 -0.063502 0.027433 0.997605 0.946432 -0.315464 0.068915 -0.004324
  2421 0.101700 -0.033800 0.005800 0.063460 -0.027562 -0.997604 0.316614 0.948535 -0.006038 0.946432 -0.315464 0.068915 1.005294
  2433 0.086600 -0.063900 0.005600 0.050280 -0.038540 -0.997991 0.526366 0.850235 -0.006281 0.848765 -0.525000 0.063040 -0.004722
  2432 0.086600 -0.063900 0.005600 0.526366 0.850235 -0.006281 -0.050280 0.038540 0.997991 0.848765 -0.525000 0.063040 -0.001345
  2431 0.086600 -0.063900 0.005600 0.050353 -0.038422 -0.997992 0.526359 0.850240 -0.006143 0.848765 -0.525000 0.063040 1.023789
  2442 0.078100 -0.062900 0.039400 0.254637 -0.199905 -0.946149 0.590736 0.806784 -0.011404 0.765622 -0.556019 0.323522 0.000524
  2443 0.078100 -0.062900 0.039400 0.590736 0.806784 -0.011404 -0.254637 0.199905 0.946149 0.765622 -0.556019 0.323522 -0.008154
  2441 0.078100 -0.062900 0.039400 0.254680 -0.199847 -0.946150 0.590718 0.806798 -0.011335 0.765622 -0.556019 0.323522 1.004173
  2512 0.063000 -0.090600 -0.027600 -0.021150 0.035483 -0.999146 0.800896 0.598788 0.004262 0.598427 -0.800123 -0.041083 -0.006452
  2513 0.063000 -0.090600 -0.027600 0.800896 0.598788 0.004262 0.021150 -0.035483 0.999146 0.598427 -0.800123 -0.041083 -0.001372
  2511 0.063000 -0.090600 -0.027600 -0.021109 0.035514 -0.999146 0.800898 0.598786 0.004313 0.598427 -0.800123 -0.041083 0.990894
  2522 0.086100 -0.066100 -0.028000 -0.020777 0.011340 -0.999720 0.557339 0.830282 -0.002196 0.830025 -0.557227 -0.023572 -0.005311
  2523 0.086100 -0.066100 -0.028000 0.557339 0.830282 -0.002196 0.020777 -0.011340 0.999720 0.830025 -0.557227 -0.023572 -0.005587
  2521 0.086100 -0.066100 -0.028000 -0.020742 0.011392 -0.999720 0.557341 0.830281 -0.002133 0.830025 -0.557227 -0.023572 0.995231
  2533 0.075700 -0.079800 -0.062000 0.015299 -0.001903 -0.999881 0.696795 0.717209 0.009369 0.717105 -0.696856 0.012299 0.000604
  2532 0.075700 -0.079800 -0.062000 0.696795 0.717209 0.009369 -0.015299 0.001903 0.999881 0.717105 -0.696856 0.012299 0.005021
  2531 0.075700 -0.079800 -0.062000 0.015328 -0.001873 -0.999881 0.696795 0.717209 0.009410 0.717105 -0.696856 0.012299 0.987416
  2543 0.048800 -0.099400 -0.062100 0.011218 -0.007479 -0.999909 0.904865 0.425641 0.007043 0.425549 -0.904862 0.011542 -0.006301
  2542 0.048800 -0.099400 -0.062100 0.904865 0.425641 0.007043 -0.011218 0.007479 0.999909 0.425549 -0.904862 0.011542 0.003850
  2541 0.048800 -0.099400 -0.062100 0.011237 -0.007471 -0.999909 0.904864 0.425641 0.007063 0.425549 -0.904862 0.011542 0.996737
  2612 0.108700 -0.003300 -0.028000 -0.014239 0.002894 -0.999894 0.068324 0.997661 0.001886 0.997561 -0.068291 -0.014405 -0.003435
  2613 0.108700 -0.003300 -0.028000 0.068324 0.997661 0.001886 0.014239 -0.002894 0.999894 0.997561 -0.068291 -0.014405 -0.001116
  2611 0.108700 -0.003300 -0.028000 -0.014242 0.002854 -0.999895 0.068323 0.997661 0.001846 0.997561 -0.068291 -0.014405 0.998918
  2623 0.106800 -0.020600 -0.062100 0.037882 -0.001137 -0.999282 0.234337 0.972125 0.007757 0.971417 -0.234463 0.037093 -0.011204
  2622 0.106800 -0.020600 -0.062100 0.234337 0.972125 0.007757 -0.037882 0.001137 0.999282 0.971417 -0.234463 0.037093 0.001748
  2621 0.106800 -0.020600 -0.062100 0.037879 -0.001147 -0.999282 0.234337 0.972125 0.007747 0.971417 -0.234463 0.037093 0.993663
  2633 0.095100 -0.052400 -0.062000 0.023110 -0.001007 -0.999732 0.475436 0.879693 0.010059 0.879447 -0.475542 0.020809 -0.007415
  2632 0.095100 -0.052400 -0.062000 0.475436 0.879693 0.010059 -0.023110 0.001007 0.999732 0.879447 -0.475542 0.020809 -0.005395
  2631 0.095100 -0.052400 -0.062000 0.023156 -0.000922 -0.999731 0.475434 0.879693 0.010155 0.879447 -0.475542 0.020809 0.995923
  2642 0.101700 -0.036100 -0.027800 -0.018945 0.002206 -0.999818 0.333323 0.942803 -0.004256 0.942622 -0.333343 -0.018598 -0.005973
  2643 0.101700 -0.036100 -0.027800 0.333323 0.942803 -0.004256 0.018945 -0.002206 0.999818 0.942622 -0.333343 -0.018598 -0.002763
  2641 0.101700 -0.036100 -0.027800 -0.018910 0.002305 -0.999819 0.333325 0.942803 -0.004151 0.942622 -0.333343 -0.018598 0.987652
