113 -0.106600 0.046400 -0.060400 -0.019579 0.007014 -0.999784 -0.188551 -0.982058 -0.003270 -0.981869 0.188446 0.020550 -0.004845 -0.000100 -0.003834
112 -0.106600 0.046400 -0.060400 -0.188551 -0.982058 -0.003270 0.019579 -0.007014 0.999784 -0.981869 0.188446 0.020550 0.000596 0.001694 0.003821
111 -0.106600 0.046400 -0.060400 -0.019576 0.007027 -0.999784 -0.188551 -0.982058 -0.003283 -0.981869 0.188446 0.020550 1.002404
122 -0.102000 0.063100 -0.025600 -0.000973 0.005174 -0.999986 -0.256397 -0.966560 -0.004761 -0.966571 0.256388 0.002267 -0.006380 0.001743 0.001157
123 -0.102000 0.063100 -0.025600 -0.256397 -0.966560 -0.004761 0.000973 -0.005174 0.999986 -0.966571 0.256388 0.002267 -0.001543 0.002522 0.004577
121 -0.102000 0.063100 -0.025600 -0.000947 0.005272 -0.999986 -0.256397 -0.966559 -0.004862 -0.966571 0.256388 0.002267 0.997110
132 -0.108500 0.030200 -0.026600 0.009695 0.001659 -0.999952 -0.084867 -0.996389 -0.002438 -0.996345 0.084886 -0.009519 -0.002151 0.000328 0.000507
133 -0.108500 0.030200 -0.026600 -0.084867 -0.996389 -0.002438 -0.009695 -0.001659 0.999952 -0.996345 0.084886 -0.009519 -0.000277 0.005392 0.009021
131 -0.108500 0.030200 -0.026600 0.009698 0.001692 -0.999951 -0.084866 -0.996389 -0.002472 -0.996345 0.084886 -0.009519 1.000871
143 -0.109900 0.013100 -0.062700 -0.039957 0.002433 -0.999198 -0.024664 -0.999695 -0.001509 -0.998897 0.024584 0.040005 -0.003059 -0.000680 -0.003931
142 -0.109900 0.013100 -0.062700 -0.024664 -0.999695 -0.001509 0.039957 -0.002433 0.999198 -0.998897 0.024584 0.040005 -0.001685 0.001955 0.003460
141 -0.109900 0.013100 -0.062700 -0.039958 0.002400 -0.999199 -0.024663 -0.999695 -0.001476 -0.998897 0.024584 0.040005 0.999318
213 -0.107400 0.032900 0.008000 -0.055358 0.008120 -0.998434 -0.099515 -0.995033 -0.002608 -0.993495 0.099215 0.055891 -0.002959 0.000259 -0.002028
212 -0.107400 0.032900 0.008000 -0.099515 -0.995033 -0.002608 0.055358 -0.008120 0.998434 -0.993495 0.099215 0.055891 -0.002386 0.000052 0.002328
211 -0.107400 0.032900 0.008000 -0.055353 0.008165 -0.998433 -0.099517 -0.995032 -0.002653 -0.993495 0.099215 0.055891 0.999363
222 -0.098900 0.040300 0.041300 -0.338769 0.059074 -0.939013 -0.164018 -0.986453 -0.002872 -0.926462 0.153041 0.343869 -0.003573 -0.000563 -0.000578
223 -0.098900 0.040300 0.041300 -0.164018 -0.986453 -0.002872 0.338769 -0.059074 0.939013 -0.926462 0.153041 0.343869 -0.001331 0.000787 0.004229
221 -0.098900 0.040300 0.041300 -0.338766 0.059092 -0.939013 -0.164024 -0.986452 -0.002890 -0.926462 0.153041 0.343869 1.003610
232 -0.101100 0.004400 0.040800 -0.341530 0.009209 -0.939826 0.040633 -0.998873 -0.024546 -0.938992 -0.046572 0.340770 -0.006128 -0.000225 -0.000545
233 -0.101100 0.004400 0.040800 0.040633 -0.998873 -0.024546 0.341530 -0.009209 0.939826 -0.938992 -0.046572 0.340770 -0.004704 0.000767 -0.002275
231 -0.101100 0.004400 0.040800 -0.341534 0.009309 -0.939824 0.040599 -0.998872 -0.024640 -0.938993 -0.046572 0.340770 1.002318
243 -0.108300 -0.001100 0.007100 -0.068152 -0.010481 -0.997620 0.084344 -0.996425 0.004745 -0.994104 -0.083819 0.068793 -0.001879 0.000746 -0.001393
242 -0.108300 -0.001100 0.007100 0.084344 -0.996425 0.004745 0.068152 0.010481 0.997620 -0.994104 -0.083819 0.068793 -0.002774 0.000287 0.002295
241 -0.108300 -0.001100 0.007100 -0.067246 -0.010400 -0.997682 0.084013 -0.996453 0.004763 -0.994193 -0.083497 0.067881 0.999716
313 -0.086100 0.098800 0.009000 -0.042723 0.122265 -0.991578 -0.478120 -0.873958 -0.087174 -0.877256 0.470368 0.095796 -0.005279 -0.000652 -0.002611
312 -0.086100 0.098800 0.009000 -0.478120 -0.873958 -0.087174 0.042723 -0.122265 0.991578 -0.877256 0.470368 0.095796 -0.002368 0.000393 0.002438
311 -0.086100 0.098800 0.009000 -0.042694 0.122318 -0.991572 -0.478122 -0.873950 -0.087235 -0.877256 0.470368 0.095796 0.999623
322 -0.088700 0.075700 0.041200 -0.343219 0.115454 -0.932132 -0.373405 -0.927392 0.022625 -0.861841 0.355828 0.361410 -0.002052 -0.000160 -0.000792
323 -0.088700 0.075700 0.041200 -0.373405 -0.927392 0.022625 0.343219 -0.115454 0.932132 -0.861841 0.355828 0.361410 -0.004695 0.000330 0.003343
321 -0.088700 0.075700 0.041200 -0.343238 0.115408 -0.932131 -0.373388 -0.927398 0.022671 -0.861841 0.355828 0.361410 1.000269
333 -0.070200 0.075800 0.070700 -0.584327 0.224203 -0.779932 -0.407906 -0.911992 0.043386 -0.701565 0.343491 0.624356 -0.004209 -0.000540 -0.002448
332 -0.070200 0.075800 0.070700 -0.407906 -0.911992 0.043386 0.584327 -0.224203 0.779932 -0.701565 0.343491 0.624356 -0.000039 -0.000680 0.003027
331 -0.070200 0.075800 0.070700 -0.584289 0.224289 -0.779936 -0.407961 -0.911971 0.043312 -0.701565 0.343491 0.624356 1.016738
343 -0.100300 0.065900 0.008100 -0.069264 0.025739 -0.997266 -0.286800 -0.957979 -0.004814 -0.955483 0.285683 0.073735 -0.002949 -0.000415 -0.002456
342 -0.100300 0.065900 0.008100 -0.286800 -0.957979 -0.004814 0.069264 -0.025739 0.997266 -0.955483 0.285683 0.073735 -0.001798 0.000933 0.003757
341 -0.100300 0.065900 0.008100 -0.069260 0.025754 -0.997266 -0.286801 -0.957978 -0.004829 -0.955484 0.285683 0.073735 1.005679
413 -0.080800 0.041300 0.072000 -0.636437 0.047963 -0.769836 -0.138502 -0.988950 0.052868 -0.758794 0.140271 0.636048 -0.001596 0.001512 -0.001066
412 -0.080800 0.041300 0.072000 -0.138502 -0.988950 0.052868 0.636437 -0.047963 0.769836 -0.758794 0.140271 0.636048 -0.000770 -0.001511 0.002932
411 -0.080800 0.041300 0.072000 -0.636434 0.047988 -0.769837 -0.138518 -0.988949 0.052849 -0.758794 0.140271 0.636048 1.002356
422 -0.052600 0.040600 0.095200 -0.873901 -0.020038 -0.485691 -0.059119 -0.987357 0.147076 -0.482497 0.157243 0.861668 -0.003339 0.000116 0.000622
423 -0.052600 0.040600 0.095200 -0.059119 -0.987357 0.147076 0.873901 0.020038 0.485691 -0.482497 0.157243 0.861668 -0.003873 -0.000717 0.004316
421 -0.052600 0.040600 0.095200 -0.873901 -0.020042 -0.485690 -0.059116 -0.987357 0.147078 -0.482497 0.157243 0.861668 1.003428
432 -0.053700 0.005900 0.096900 -0.869119 -0.017740 -0.494285 0.025683 -0.999626 -0.009446 -0.493933 -0.020905 0.869248 -0.001939 -0.000688 0.000407
433 -0.053700 0.005900 0.096900 0.025683 -0.999626 -0.009446 0.869119 0.017740 0.494285 -0.493933 -0.020905 0.869248 -0.006139 -0.000994 0.004816
431 -0.053700 0.005900 0.096900 -0.869119 -0.017724 -0.494285 0.025669 -0.999626 -0.009455 -0.493933 -0.020905 0.869249 0.997434
443 -0.082900 0.006200 0.072800 -0.637914 0.002796 -0.770102 0.040459 -0.998492 -0.037102 -0.769045 -0.054826 0.636839 -0.002448 -0.000777 -0.001774
442 -0.082900 0.006200 0.072800 0.040459 -0.998492 -0.037102 0.637914 -0.002796 0.770102 -0.769045 -0.054826 0.636839 -0.005936 0.001481 0.003374
441 -0.082900 0.006200 0.072800 -0.637915 0.002803 -0.770102 0.040454 -0.998492 -0.037107 -0.769045 -0.054826 0.636839 1.006172
513 -0.063700 0.125400 0.013600 0.015488 0.221814 -0.974966 -0.793723 -0.590270 -0.146920 -0.608082 0.776129 0.166917 -0.004052 -0.000656 -0.003342
512 -0.063700 0.125400 0.013600 -0.793723 -0.590270 -0.146920 -0.015488 -0.221814 0.974966 -0.608082 0.776129 0.166917 -0.006453 0.000236 0.000791
511 -0.063700 0.125400 0.013600 0.015465 0.221798 -0.974970 -0.793723 -0.590276 -0.146893 -0.608082 0.776129 0.166917 0.998002
523 -0.033200 0.139700 0.017400 0.011615 0.215379 -0.976462 -0.959604 -0.272138 -0.071425 -0.281116 0.937846 0.203517 -0.005435 0.000294 -0.001076
522 -0.033200 0.139700 0.017400 -0.959604 -0.272138 -0.071425 -0.011615 -0.215379 0.976462 -0.281116 0.937846 0.203517 -0.002195 0.000533 0.001298
521 -0.033200 0.139700 0.017400 0.011649 0.215388 -0.976459 -0.959603 -0.272130 -0.071460 -0.281116 0.937846 0.203517 0.987658
532 -0.033700 0.127400 0.048500 -0.052162 0.469659 -0.881306 -0.961138 -0.263169 -0.083407 -0.271105 0.842705 0.465134 -0.000403 0.000497 0.000315
533 -0.033700 0.127400 0.048500 -0.961138 -0.263169 -0.083407 0.052162 -0.469659 0.881306 -0.271105 0.842705 0.465134 -0.003177 0.001207 0.008305
531 -0.033700 0.127400 0.048500 -0.052143 0.469664 -0.881304 -0.961139 -0.263159 -0.083424 -0.271105 0.842705 0.465134 0.998802
542 -0.067200 0.108900 0.044300 -0.174569 0.380855 -0.908006 -0.709153 -0.688397 -0.152352 -0.683093 0.617319 0.390257 -0.001519 -0.001206 -0.000054
543 -0.067200 0.108900 0.044300 -0.709153 -0.688397 -0.152352 0.174569 -0.380855 0.908006 -0.683093 0.617319 0.390257 -0.003800 0.001524 0.003370
541 -0.067200 0.108900 0.044300 -0.174551 0.380873 -0.908002 -0.709158 -0.688387 -0.152375 -0.683093 0.617319 0.390257 1.006777
613 -0.035800 0.104800 0.075000 -0.008029 0.767756 -0.640692 -0.956993 -0.191693 -0.217759 -0.290002 0.611389 0.736276 -0.001660 -0.000415 -0.001340
612 -0.035800 0.104800 0.075000 -0.956993 -0.191693 -0.217759 0.008029 -0.767756 0.640692 -0.290002 0.611389 0.736276 0.000154 0.000303 0.001561
611 -0.035800 0.104800 0.075000 -0.008023 0.767757 -0.640691 -0.956993 -0.191688 -0.217763 -0.290002 0.611389 0.736276 1.000815
622 0.000100 0.077500 0.096700 0.000195 0.915877 -0.401459 -0.999999 0.000963 0.001491 0.001752 0.401458 0.915876 -0.003195 -0.001046 -0.001608
623 0.000100 0.077500 0.096700 -0.999999 0.000963 0.001491 -0.000195 -0.915877 0.401459 0.001752 0.401458 0.915876 -0.005610 -0.001329 0.000609
621 0.000100 0.077500 0.096700 0.000156 0.915877 -0.401459 -0.999998 0.000927 0.001507 0.001752 0.401458 0.915876 0.997075
633 -0.018400 0.044000 0.106300 0.007396 0.982735 -0.184870 -0.991210 -0.017124 -0.131186 -0.132086 0.184216 0.973970 -0.006657 -0.001634 -0.002325
632 -0.018400 0.044000 0.106300 -0.991210 -0.017124 -0.131186 -0.007396 -0.982735 0.184870 -0.132086 0.184216 0.973970 -0.003119 0.000146 0.002368
631 -0.018400 0.044000 0.106300 0.007254 0.982733 -0.184889 -0.991211 -0.017264 -0.131159 -0.132086 0.184216 0.973970 0.997199
642 -0.036800 0.075300 0.092200 -0.024309 0.895403 -0.444593 -0.951916 -0.156561 -0.263335 -0.305396 0.416814 0.856154 -0.002929 0.000188 -0.001110
643 -0.036800 0.075300 0.092200 -0.951916 -0.156561 -0.263335 0.024309 -0.895403 0.444593 -0.305396 0.416814 0.856154 -0.002261 0.000358 0.002395
641 -0.036800 0.075300 0.092200 -0.024411 0.895386 -0.444621 -0.951913 -0.156657 -0.263287 -0.305396 0.416814 0.856154 1.008407
713 -0.018500 0.010500 0.109600 -0.989154 -0.011930 -0.146397 0.013264 -0.999877 -0.008388 -0.146279 -0.010239 0.989190 -0.002303 -0.000039 -0.000488
712 -0.018500 0.010500 0.109600 0.013264 -0.999877 -0.008388 0.989154 0.011930 0.146397 -0.146279 -0.010239 0.989190 -0.003545 -0.001985 0.002194
711 -0.018500 0.010500 0.109600 -0.989154 -0.011956 -0.146398 0.013290 -0.999876 -0.008384 -0.146279 -0.010239 0.989190 0.998017
723 0.018600 0.010500 0.109600 0.988156 -0.007342 -0.153274 0.002310 0.999456 -0.032909 0.153433 0.032165 0.987635 -0.004638 -0.001168 -0.000249
722 0.018600 0.010500 0.109600 0.002310 0.999456 -0.032909 -0.988156 0.007342 0.153274 0.153433 0.032165 0.987635 -0.004879 -0.001304 -0.000720
721 0.018600 0.010500 0.109600 0.988157 -0.007227 -0.153278 0.002196 0.999457 -0.032891 0.153433 0.032165 0.987635 0.993194
733 0.018600 -0.023300 0.105900 -0.035668 -0.971754 -0.233286 0.987773 0.001153 -0.155896 0.151762 -0.235995 0.959831 -0.006447 -0.000684 -0.000259
732 0.018600 -0.023300 0.105900 0.987773 0.001153 -0.155896 0.035668 0.971754 0.233286 0.151762 -0.235995 0.959831 -0.001234 -0.000603 0.000186
731 0.018600 -0.023300 0.105900 -0.035643 -0.971754 -0.233290 0.987774 0.001178 -0.155890 0.151762 -0.235995 0.959831 0.987666
743 -0.018500 -0.023700 0.105800 0.038804 -0.971008 -0.235875 0.992499 0.009986 0.121846 -0.115959 -0.238834 0.964112 -0.008436 -0.000738 -0.000032
742 -0.018500 -0.023700 0.105800 0.992499 0.009986 0.121846 -0.038804 0.971008 0.235875 -0.115959 -0.238834 0.964112 -0.002118 0.000356 -0.001816
741 -0.018500 -0.023700 0.105800 0.038851 -0.971008 -0.235869 0.992497 0.010032 0.121858 -0.115959 -0.238834 0.964112 0.993752
813 0.000100 0.144500 0.018700 -0.000462 0.261662 -0.965160 -0.999818 -0.018531 -0.004508 -0.019064 0.964982 0.261623 -0.002504 0.000663 0.000443
812 0.000100 0.144500 0.018700 -0.999818 -0.018531 -0.004508 0.000462 -0.261662 0.965160 -0.019064 0.964982 0.261623 -0.004348 0.000695 -0.000359
811 0.000100 0.144500 0.018700 -0.000531 0.261660 -0.965160 -0.999818 -0.018549 -0.004442 -0.019064 0.964982 0.261623 0.996131
822 0.000100 0.131600 0.050000 0.000686 0.501182 -0.865341 -0.999917 -0.010867 -0.006997 -0.012910 0.865274 0.501132 -0.000272 0.000520 0.001274
823 0.000100 0.131600 0.050000 -0.999917 -0.010867 -0.006997 -0.000686 -0.501182 0.865341 -0.012910 0.865274 0.501132 -0.003777 0.000568 0.002612
821 0.000100 0.131600 0.050000 0.000632 0.501182 -0.865342 -0.999917 -0.010894 -0.006950 -0.012910 0.865274 0.501132 0.995811
913 0.033100 0.139700 0.017300 -0.003056 0.244684 -0.969598 -0.967908 0.242920 0.064369 0.251285 0.938679 0.236090 -0.006185 0.001525 0.000044
912 0.033100 0.139700 0.017300 -0.967908 0.242920 0.064369 0.003056 -0.244684 0.969598 0.251285 0.938679 0.236090 -0.002110 -0.001283 0.001991
911 0.033100 0.139700 0.017300 -0.003084 0.244691 -0.969596 -0.967908 0.242913 0.064397 0.251285 0.938678 0.236090 1.009409
923 0.063800 0.125300 0.013500 -0.013508 0.228602 -0.973426 -0.786516 0.598679 0.151577 0.617421 0.767663 0.171712 -0.008624 0.002119 -0.001054
922 0.063800 0.125300 0.013500 -0.786516 0.598679 0.151577 0.013508 -0.228602 0.973426 0.617421 0.767663 0.171712 -0.001353 -0.000041 0.000518
921 0.063800 0.125300 0.013500 -0.013624 0.228691 -0.973404 -0.786514 0.598646 0.151720 0.617421 0.767663 0.171712 1.009886
932 0.067100 0.108800 0.044400 0.180045 0.381587 -0.906629 -0.706678 0.691320 0.150604 0.684240 0.613579 0.394128 -0.001461 0.000339 0.000684
933 0.067100 0.108800 0.044400 -0.706678 0.691320 0.150604 -0.180045 -0.381587 0.906629 0.684240 0.613579 0.394128 -0.004255 0.000646 0.000899
931 0.067100 0.108800 0.044400 0.180032 0.381600 -0.906626 -0.706682 0.691313 0.150622 0.684240 0.613579 0.394128 1.005217
942 0.033800 0.127300 0.048600 0.057717 0.475677 -0.877724 -0.964561 0.253303 0.073896 0.257481 0.842353 0.473439 0.000274 0.000650 0.000946
943 0.033800 0.127300 0.048600 -0.964561 0.253303 0.073896 -0.057717 -0.475677 0.877724 0.257481 0.842353 0.473439 -0.004141 -0.000272 0.002916
941 0.033800 0.127300 0.048600 0.057685 0.475686 -0.877722 -0.964563 0.253287 0.073925 0.257481 0.842353 0.473439 1.000310
1013 0.000100 0.109300 0.077100 0.000959 0.757515 -0.652817 -0.999785 -0.012830 -0.016271 -0.020702 0.652692 0.757340 -0.006216 0.000556 -0.000276
1012 0.000100 0.109300 0.077100 -0.999785 -0.012830 -0.016271 -0.000959 -0.757515 0.652817 -0.020702 0.652692 0.757340 -0.003163 -0.001007 0.002187
1011 0.000100 0.109300 0.077100 0.000958 0.757516 -0.652817 -0.999785 -0.012830 -0.016270 -0.020702 0.652692 0.757340 1.001626
1023 0.035800 0.104800 0.075000 0.006460 0.767460 -0.641065 -0.962109 0.179545 0.205207 0.272588 0.615448 0.739540 -0.006998 0.000719 -0.001388
1022 0.035800 0.104800 0.075000 -0.962109 0.179545 0.205207 -0.006460 -0.767460 0.641065 0.272588 0.615448 0.739540 -0.003824 -0.000788 0.001137
1021 0.035800 0.104800 0.075000 0.006378 0.767475 -0.641047 -0.962110 0.179479 0.205262 0.272588 0.615448 0.739540 0.997807
1032 0.036800 0.075200 0.092300 0.031472 0.899060 -0.436693 -0.950717 0.161747 0.264527 0.308458 0.406846 0.859843 -0.000186 -0.001328 -0.000176
1033 0.036800 0.075200 0.092300 -0.950717 0.161747 0.264527 -0.031472 -0.899060 0.436693 0.308458 0.406846 0.859843 -0.006652 -0.002967 -0.000144
1031 0.036800 0.075200 0.092300 0.031345 0.899082 -0.436657 -0.950722 0.161627 0.264585 0.308458 0.406846 0.859843 0.999819
1043 0.018400 0.044200 0.106200 -0.014040 0.979093 -0.202929 -0.991942 0.011922 0.126134 0.125917 0.203064 0.971035 0.000370 -0.002128 -0.002662
1042 0.018400 0.044200 0.106200 -0.991942 0.011922 0.126134 0.014040 -0.979093 0.202929 0.125917 0.203064 0.971035 -0.004890 -0.003081 0.001624
1041 0.018400 0.044200 0.106200 -0.014346 0.979097 -0.202890 -0.991937 0.011620 0.126197 0.125917 0.203064 0.971036 0.990078
1112 0.052500 0.040600 0.095300 0.873937 -0.018177 -0.485699 -0.058525 0.988090 -0.142313 0.482501 0.152798 0.862465 -0.002894 -0.001061 0.000494
1113 0.052500 0.040600 0.095300 -0.058525 0.988090 -0.142313 -0.873937 0.018177 0.485699 0.482501 0.152798 0.862465 -0.004323 -0.001877 0.002175
1111 0.052500 0.040600 0.095300 0.873935 -0.018150 -0.485703 -0.058548 0.988091 -0.142300 0.482501 0.152798 0.862465 0.999345
1123 0.080900 0.041300 0.072100 0.638871 0.050884 -0.767629 -0.171866 0.982031 -0.077953 0.749869 0.181732 0.636137 -0.008212 -0.001309 -0.000925
1122 0.080900 0.041300 0.072100 -0.171866 0.982031 -0.077953 -0.638871 -0.050884 0.767629 0.749869 0.181732 0.636137 -0.002561 -0.002165 0.001913
1121 0.080900 0.041300 0.072100 0.638867 0.050907 -0.767631 -0.171881 0.982030 -0.077935 0.749869 0.181732 0.636137 1.001597
1133 0.082800 0.006100 0.072800 0.642749 0.000652 -0.766076 0.011579 0.999877 0.010603 0.765989 -0.015686 0.642662 -0.007939 -0.002523 -0.000240
1132 0.082800 0.006100 0.072800 0.011579 0.999877 0.010603 -0.642749 -0.000652 0.766076 0.765989 -0.015686 0.642662 -0.003120 -0.001891 0.001554
1131 0.082800 0.006100 0.072800 0.642751 0.000760 -0.766075 0.011509 0.999877 0.010686 0.765989 -0.015686 0.642662 1.000531
1142 0.053500 0.006200 0.097000 0.873551 -0.018438 -0.486384 0.032628 0.999253 0.020725 0.485638 -0.033974 0.873499 -0.009210 -0.002425 0.002947
1143 0.053500 0.006200 0.097000 0.032628 0.999253 0.020725 -0.873551 0.018438 0.486384 0.485638 -0.033974 0.873499 -0.001962 -0.004318 0.001213
1141 0.053500 0.006200 0.097000 0.873551 -0.018411 -0.486384 0.032603 0.999253 0.020739 0.485638 -0.033974 0.873499 1.003094
1213 0.086200 0.098600 0.008900 0.049431 0.121853 -0.991316 -0.504134 0.859861 0.080545 0.862209 0.495775 0.103935 -0.004549 -0.000074 -0.002915
1212 0.086200 0.098600 0.008900 -0.504134 0.859861 0.080545 -0.049431 -0.121853 0.991316 0.862209 0.495775 0.103935 -0.006232 0.000302 0.000490
1211 0.086200 0.098600 0.008900 0.049379 0.121943 -0.991308 -0.504139 0.859849 0.080648 0.862209 0.495775 0.103935 0.997163
1223 0.100300 0.066000 0.008200 0.069947 0.028442 -0.997145 -0.313078 0.949713 0.005189 0.947150 0.311821 0.075335 -0.002077 -0.000794 -0.003625
1222 0.100300 0.066000 0.008200 -0.313078 0.949713 0.005189 -0.069947 -0.028442 0.997145 0.947150 0.311821 0.075335 -0.005769 0.000600 -0.000461
1221 0.100300 0.066000 0.008200 0.069930 0.028495 -0.997145 -0.313082 0.949712 0.005245 0.947150 0.311821 0.075335 0.999128
1232 0.088700 0.075700 0.041200 0.339969 0.114153 -0.933483 -0.371152 0.928319 -0.021680 0.864095 0.353835 0.357967 -0.010041 -0.001412 -0.003339
1233 0.088700 0.075700 0.041200 -0.371152 0.928319 -0.021680 -0.339969 -0.114153 0.933483 0.864095 0.353835 0.357967 -0.002503 -0.003372 0.004110
1231 0.088700 0.075700 0.041200 0.339945 0.114212 -0.933484 -0.371174 0.928312 -0.021621 0.864095 0.353835 0.357967 0.998466
1243 0.069900 0.075800 0.070900 0.612621 0.238208 -0.753626 -0.425792 0.902783 -0.060699 0.665902 0.358073 0.654491 -0.006563 -0.001189 -0.000749
1242 0.069900 0.075800 0.070900 -0.425792 0.902783 -0.060699 -0.612621 -0.238208 0.753626 0.665902 0.358073 0.654491 -0.005526 -0.002469 0.001904
1241 0.069900 0.075800 0.070900 0.612492 0.238185 -0.753738 -0.425182 0.903114 -0.060044 0.666410 0.357252 0.654423 1.001914
1312 0.098900 0.040400 0.041300 0.336757 0.059567 -0.939706 -0.166532 0.986032 0.002761 0.926745 0.155561 0.341973 -0.001828 0.000075 0.000973
1313 0.098900 0.040400 0.041300 -0.166532 0.986032 0.002761 -0.336757 -0.059567 0.939706 0.926745 0.155561 0.341973 -0.004065 -0.004589 0.005287
1311 0.098900 0.040400 0.041300 0.336741 0.059661 -0.939705 -0.166564 0.986026 0.002851 0.926744 0.155561 0.341973 1.001107
1323 0.107400 0.032900 0.008100 0.068081 0.012122 -0.997606 -0.131927 0.991255 0.003044 0.988919 0.131404 0.069085 -0.007370 0.000262 -0.002563
1322 0.107400 0.032900 0.008100 -0.131927 0.991255 0.003044 -0.068081 -0.012122 0.997606 0.988919 0.131404 0.069085 -0.006271 -0.000780 0.001327
1321 0.107400 0.032900 0.008100 0.068074 0.012174 -0.997606 -0.131931 0.991254 0.003096 0.988919 0.131404 0.069085 0.993616
1333 0.108300 -0.001100 0.006800 0.059505 -0.002850 -0.998224 0.067303 0.997732 0.001199 0.995956 -0.067255 0.059562 -0.005777 0.000329 -0.001503
1332 0.108300 -0.001100 0.006800 0.067303 0.997732 0.001199 -0.059505 0.002850 0.998224 0.995956 -0.067255 0.059562 -0.005231 -0.001610 0.002433
1331 0.108300 -0.001100 0.006800 0.059508 -0.002810 -0.998224 0.067300 0.997732 0.001239 0.995957 -0.067255 0.059562 1.006178
1342 0.101000 0.004400 0.041000 0.339454 0.008395 -0.940585 0.033552 0.999217 0.020986 0.940024 -0.038682 0.338907 -0.003535 0.002436 0.001291
1343 0.101000 0.004400 0.041000 0.033552 0.999217 0.020986 -0.339454 -0.008395 0.940585 0.940024 -0.038682 0.338907 -0.003402 -0.004827 0.004443
1341 0.101000 0.004400 0.041000 0.339457 0.008478 -0.940584 0.033523 0.999216 0.021064 0.940024 -0.038682 0.338907 0.995728
1412 0.102000 0.063000 -0.026000 -0.014300 0.003500 -0.999892 -0.281114 0.959646 0.007400 0.959568 0.281189 -0.012739 -0.003388 0.001232 -0.000349
1413 0.102000 0.063000 -0.026000 -0.281114 0.959646 0.007400 0.014300 -0.003500 0.999892 0.959568 0.281189 -0.012739 -0.006234 -0.003142 0.006008
1411 0.102000 0.063000 -0.026000 -0.015078 0.003342 -0.999881 -0.281081 0.959655 0.007467 0.959566 0.281160 -0.013531 0.994660
1423 0.106500 0.046900 -0.060000 0.032603 0.011951 -0.999397 -0.169577 0.985497 0.006244 0.984977 0.169271 0.034157 -0.009127 -0.002139 -0.004845
1422 0.106500 0.046900 -0.060000 -0.169577 0.985497 0.006244 -0.032603 -0.011951 0.999397 0.984977 0.169271 0.034157 -0.004896 0.001166 -0.001326
1421 0.106500 0.046900 -0.060000 0.032596 0.011991 -0.999397 -0.169579 0.985497 0.006284 0.984977 0.169272 0.034157 1.008872
1433 0.109800 0.013100 -0.062200 0.017279 0.004475 -0.999841 -0.017878 0.999832 0.004124 0.999691 0.017804 0.017356 -0.009082 -0.000687 -0.003793
1432 0.109800 0.013100 -0.062200 -0.017878 0.999832 0.004124 -0.017279 -0.004475 0.999841 0.999691 0.017804 0.017356 -0.001158 -0.002983 0.002335
1431 0.109800 0.013100 -0.062200 0.017278 0.004523 -0.999840 -0.017879 0.999832 0.004173 0.999691 0.017804 0.017356 0.989966
1442 0.108300 0.030100 -0.026200 -0.006367 0.004445 -0.999970 -0.098334 0.995140 0.005120 0.995133 0.098364 -0.005898 -0.003766 -0.000560 -0.002033
1443 0.108300 0.030100 -0.026200 -0.098334 0.995140 0.005120 0.006367 -0.004445 0.999970 0.995133 0.098364 -0.005898 -0.008517 -0.001026 0.003824
1441 0.108300 0.030100 -0.026200 -0.006374 0.004521 -0.999970 -0.098334 0.995140 0.005196 0.995133 0.098364 -0.005898 1.007173
1512 -0.108800 -0.003200 -0.028400 0.014316 0.000239 -0.999898 0.097616 -0.995224 0.001103 -0.995121 -0.097622 -0.014271 -0.006307 0.001488 -0.000509
1513 -0.108800 -0.003200 -0.028400 0.097616 -0.995224 0.001103 -0.014316 -0.000239 0.999898 -0.995121 -0.097622 -0.014271 -0.002314 0.002720 0.007517
1511 -0.108800 -0.003200 -0.028400 0.014305 0.000341 -0.999898 0.097617 -0.995224 0.001000 -0.995121 -0.097622 -0.014271 0.985306
1522 -0.101700 -0.036000 -0.028100 0.021990 0.000539 -0.999758 0.350166 -0.936660 0.007240 -0.936429 -0.350240 -0.020786 -0.004876 0.000050 0.000283
1523 -0.101700 -0.036000 -0.028100 0.350166 -0.936660 0.007240 -0.021990 -0.000539 0.999758 -0.936429 -0.350240 -0.020786 -0.001749 0.003140 0.008068
1521 -0.101700 -0.036000 -0.028100 0.021983 0.000557 -0.999758 0.350167 -0.936660 0.007220 -0.936429 -0.350240 -0.020786 0.996719
1533 -0.095100 -0.052400 -0.062300 -0.010709 0.002611 -0.999939 0.452551 -0.891710 -0.007147 -0.891674 -0.452601 0.008368 -0.005840 0.000361 -0.002609
1532 -0.095100 -0.052400 -0.062300 0.452551 -0.891710 -0.007147 0.010709 -0.002611 0.999939 -0.891674 -0.452601 0.008368 -0.003467 0.002081 -0.000714
1531 -0.095100 -0.052400 -0.062300 -0.010652 0.002499 -0.999940 0.452553 -0.891710 -0.007022 -0.891674 -0.452600 0.008368 1.017104
1543 -0.106800 -0.020500 -0.062500 -0.030603 -0.001642 -0.999530 0.192604 -0.981267 -0.004297 -0.980799 -0.192646 0.030347 -0.004323 0.000871 -0.002732
1542 -0.106800 -0.020500 -0.062500 0.192604 -0.981267 -0.004297 0.030603 0.001642 0.999530 -0.980799 -0.192646 0.030347 -0.005085 0.000561 0.002449
1541 -0.106800 -0.020500 -0.062500 -0.030817 -0.001677 -0.999524 0.193066 -0.981176 -0.004319 -0.980702 -0.193108 0.030561 0.998120
1613 -0.101700 -0.033900 0.005600 -0.072350 -0.033018 -0.996833 0.336339 -0.941716 0.006833 -0.938959 -0.334779 0.079239 -0.002254 0.000636 0.002820
1612 -0.101700 -0.033900 0.005600 0.336339 -0.941716 0.006833 0.072350 0.033018 0.996833 -0.938959 -0.334779 0.079239 -0.000639 0.001111 0.006337
1611 -0.101700 -0.033900 0.005600 -0.072369 -0.032964 -0.996833 0.336335 -0.941718 0.006776 -0.938959 -0.334779 0.079239 0.990047
1622 -0.095200 -0.030800 0.039100 -0.314848 -0.054826 -0.947557 0.307230 -0.950474 -0.047000 -0.898052 -0.305915 0.316099 -0.003520 0.000824 0.000349
1623 -0.095200 -0.030800 0.039100 0.307230 -0.950474 -0.047000 0.314848 0.054826 0.947557 -0.898052 -0.305915 0.316099 -0.005323 0.001904 0.004906
1621 -0.095200 -0.030800 0.039100 -0.314850 -0.054821 -0.947557 0.307228 -0.950475 -0.047006 -0.898052 -0.305915 0.316099 1.003953
1632 -0.078100 -0.062800 0.039400 -0.260040 -0.200099 -0.944637 0.594795 -0.803851 0.006512 -0.760651 -0.560172 0.328052 -0.005322 -0.000179 0.001111
1633 -0.078100 -0.062800 0.039400 0.594795 -0.803851 0.006512 0.260040 0.200099 0.944637 -0.760651 -0.560172 0.328052 -0.003641 0.001539 0.001408
1631 -0.078100 -0.062800 0.039400 -0.260550 -0.200440 -0.944424 0.594585 -0.804006 0.006573 -0.760640 -0.559827 0.328663 0.997725
1643 -0.086600 -0.064000 0.005500 -0.061563 -0.048994 -0.996900 0.564265 -0.825574 0.005674 -0.823293 -0.562166 0.078471 -0.005792 0.000089 -0.001479
1642 -0.086600 -0.064000 0.005500 0.564265 -0.825574 0.005674 0.061563 0.048994 0.996900 -0.823293 -0.562166 0.078471 -0.004755 0.000712 0.001113
1641 -0.086600 -0.064000 0.005500 -0.061574 -0.048978 -0.996900 0.564264 -0.825575 0.005655 -0.823293 -0.562166 0.078471 0.996867
1713 -0.075800 -0.079700 -0.062100 -0.001213 -0.016404 -0.999865 0.667797 -0.744256 0.011356 -0.744342 -0.667693 0.011857 -0.001076 0.001731 -0.002238
1712 -0.075800 -0.079700 -0.062100 0.667797 -0.744256 0.011356 0.001213 0.016404 0.999865 -0.744342 -0.667693 0.011857 -0.002585 -0.000213 -0.000884
1711 -0.075800 -0.079700 -0.062100 -0.001208 -0.016410 -0.999865 0.667797 -0.744256 0.011365 -0.744342 -0.667693 0.011857 1.005091
1722 -0.086100 -0.066000 -0.028200 0.023518 0.009904 -0.999674 0.578675 -0.815540 0.005529 -0.815219 -0.578616 -0.024911 -0.004140 -0.000403 -0.000951
1723 -0.086100 -0.066000 -0.028200 0.578675 -0.815540 0.005529 -0.023518 -0.009904 0.999674 -0.815219 -0.578616 -0.024911 -0.006445 0.001182 0.001885
1721 -0.086100 -0.066000 -0.028200 0.023509 0.009917 -0.999675 0.578675 -0.815540 0.005514 -0.815219 -0.578616 -0.024911 1.003048
1732 -0.063200 -0.090500 -0.027800 0.022476 0.032486 -0.999220 0.815164 -0.579230 -0.000444 -0.578792 -0.814518 -0.039500 0.001188 0.002360 0.000119
1733 -0.063200 -0.090500 -0.027800 0.815164 -0.579230 -0.000444 -0.022476 -0.032486 0.999220 -0.578792 -0.814518 -0.039500 -0.002735 0.000658 0.002593
1731 -0.063200 -0.090500 -0.027800 0.022397 0.032542 -0.999219 0.815166 -0.579227 -0.000541 -0.578792 -0.814518 -0.039500 0.989689
1743 -0.048900 -0.099400 -0.062100 -0.012723 -0.017169 -0.999772 0.889348 -0.457218 -0.003458 -0.457054 -0.889189 0.021087 -0.002285 0.000614 -0.001728
1742 -0.048900 -0.099400 -0.062100 0.889348 -0.457218 -0.003458 0.012723 0.017169 0.999772 -0.457054 -0.889189 0.021087 -0.001690 -0.000357 0.003752
1741 -0.048900 -0.099400 -0.062100 -0.012593 -0.016935 -0.999777 0.889707 -0.456518 -0.003466 -0.456357 -0.889553 0.020816 1.005839
1813 -0.078600 -0.028700 0.069600 -0.613908 -0.039532 -0.788387 0.247080 -0.958181 -0.144364 -0.749710 -0.283421 0.598003 -0.003749 0.000542 0.000691
1812 -0.078600 -0.028700 0.069600 0.247080 -0.958181 -0.144364 0.613908 0.039532 0.788387 -0.749710 -0.283421 0.598003 -0.002434 -0.000223 0.004523
1811 -0.078600 -0.028700 0.069600 -0.613907 -0.039538 -0.788388 0.247084 -0.958181 -0.144359 -0.749710 -0.283421 0.598003 1.000482
1822 -0.051800 -0.027700 0.092700 -0.855793 0.026977 -0.516614 0.109505 -0.966520 -0.232052 -0.505577 -0.255161 0.824187 -0.004835 -0.000658 -0.000749
1823 -0.051800 -0.027700 0.092700 0.109505 -0.966520 -0.232052 0.855793 -0.026977 0.516614 -0.505577 -0.255161 0.824187 -0.007384 -0.000764 0.003319
1821 -0.051800 -0.027700 0.092700 -0.855794 0.026981 -0.516613 0.109502 -0.966520 -0.232055 -0.505577 -0.255161 0.824187 1.003014
1832 -0.018100 -0.054200 0.092300 0.069552 -0.845581 -0.529297 0.987874 -0.015416 0.154490 -0.138794 -0.533624 0.834255 -0.005234 -0.001429 0.002204
1833 -0.018100 -0.054200 0.092300 0.987874 -0.015416 0.154490 -0.069552 0.845581 0.529297 -0.138794 -0.533624 0.834255 0.000277 0.000413 0.000523
1831 -0.018100 -0.054200 0.092300 0.069562 -0.845581 -0.529296 0.987873 -0.015407 0.154496 -0.138794 -0.533624 0.834255 0.986372
1843 -0.055200 -0.062700 0.070700 -0.378793 -0.493639 -0.782838 0.772668 -0.634273 0.026097 -0.509417 -0.594989 0.621677 -0.005285 -0.001201 0.001707
1842 -0.055200 -0.062700 0.070700 0.772668 -0.634273 0.026097 0.378793 0.493639 0.782838 -0.509417 -0.594989 0.621677 -0.005073 0.002539 0.002749
1841 -0.055200 -0.062700 0.070700 -0.378614 -0.493786 -0.782832 0.772756 -0.634159 0.026278 -0.509416 -0.594989 0.621677 0.997079
1912 -0.051300 -0.086100 0.039700 -0.155247 -0.302583 -0.940394 0.881356 -0.472408 0.006538 -0.446229 -0.827807 0.340024 -0.002115 0.000158 -0.001142
1913 -0.051300 -0.086100 0.039700 0.881356 -0.472408 0.006538 0.155247 0.302583 0.940394 -0.446229 -0.827807 0.340024 -0.001665 0.000964 0.004094
1911 -0.051300 -0.086100 0.039700 -0.155228 -0.302593 -0.940394 0.881359 -0.472402 0.006559 -0.446229 -0.827807 0.340024 1.007316
1923 -0.033500 -0.103300 0.006200 -0.045163 -0.143984 -0.988549 0.960178 -0.279370 -0.003179 -0.275713 -0.949327 0.150867 -0.002139 0.000304 -0.000669
1922 -0.033500 -0.103300 0.006200 0.960178 -0.279370 -0.003179 0.045163 0.143984 0.988549 -0.275713 -0.949327 0.150867 -0.002103 -0.001610 -0.001840
1921 -0.033500 -0.103300 0.006200 -0.045152 -0.143987 -0.988549 0.960179 -0.279369 -0.003167 -0.275713 -0.949327 0.150867 0.998171
1932 -0.033100 -0.105100 -0.027800 0.007986 0.022676 -0.999711 0.956732 -0.290968 0.001039 -0.290861 -0.956464 -0.024018 -0.000734 0.001355 -0.001705
1933 -0.033100 -0.105100 -0.027800 0.956732 -0.290968 0.001039 -0.007986 -0.022676 0.999711 -0.290861 -0.956464 -0.024018 -0.006125 -0.000629 0.001389
1931 -0.033100 -0.105100 -0.027800 0.007821 0.022726 -0.999711 0.956733 -0.290964 0.000867 -0.290861 -0.956464 -0.024018 1.000916
1943 -0.063600 -0.088400 0.006000 -0.066189 -0.088854 -0.993843 0.804112 -0.594478 -0.000358 -0.590786 -0.799184 0.110797 -0.003586 0.001473 -0.001132
1942 -0.063600 -0.088400 0.006000 0.804112 -0.594478 -0.000358 0.066189 0.088854 0.993843 -0.590786 -0.799184 0.110797 -0.006216 -0.001098 -0.000173
1941 -0.063600 -0.088400 0.006000 -0.066458 -0.089244 -0.993790 0.804137 -0.594444 -0.000347 -0.590722 -0.799166 0.111270 1.001020
2013 -0.018600 -0.080100 0.069000 -0.000926 -0.619856 -0.784715 0.992913 -0.093833 0.072934 -0.118841 -0.779086 0.615550 -0.002564 0.000026 0.000522
2012 -0.018600 -0.080100 0.069000 0.992913 -0.093833 0.072934 0.000926 0.619856 0.784715 -0.118841 -0.779086 0.615550 -0.002963 -0.000736 0.000402
2011 -0.018600 -0.080100 0.069000 -0.000893 -0.619860 -0.784712 0.992913 -0.093813 0.072960 -0.118841 -0.779086 0.615550 1.003634
2023 0.018600 -0.080200 0.068900 0.000621 -0.622030 -0.782993 0.987422 0.124192 -0.097844 0.158104 -0.773085 0.614283 -0.004372 -0.000885 0.000773
2022 0.018600 -0.080200 0.068900 0.987422 0.124192 -0.097844 -0.000621 0.622030 0.782993 0.158104 -0.773085 0.614283 -0.002734 -0.001855 -0.001117
2021 0.018600 -0.080200 0.068900 0.000602 -0.622032 -0.782992 0.987423 0.124180 -0.097860 0.158104 -0.773085 0.614283 0.997949
2032 0.016900 -0.097200 0.039700 -0.000045 -0.374499 -0.927227 0.988652 0.139280 -0.056296 0.150227 -0.916707 0.370243 -0.002818 0.000786 0.000021
2033 0.016900 -0.097200 0.039700 0.988652 0.139280 -0.056296 0.000045 0.374499 0.927227 0.150227 -0.916707 0.370243 -0.005951 -0.002497 0.000347
2031 0.016900 -0.097200 0.039700 -0.000047 -0.374499 -0.927227 0.988652 0.139279 -0.056298 0.150227 -0.916707 0.370243 1.004641
2042 -0.017000 -0.097200 0.039700 -0.000589 -0.374402 -0.927266 0.991141 -0.123351 0.049233 -0.132813 -0.919023 0.371158 -0.003240 0.001250 -0.000019
2043 -0.017000 -0.097200 0.039700 0.991141 -0.123351 0.049233 0.000589 0.374402 0.927266 -0.132813 -0.919023 0.371158 -0.006694 -0.001833 0.001363
2041 -0.017000 -0.097200 0.039700 -0.000607 -0.374400 -0.927267 0.991141 -0.123358 0.049216 -0.132813 -0.919023 0.371158 1.005136
2113 0.000000 -0.108600 0.007000 -0.000388 -0.157436 -0.987529 0.999514 0.030717 -0.005304 0.031169 -0.987051 0.157348 -0.003955 -0.000627 -0.000916
2112 0.000000 -0.108600 0.007000 0.999514 0.030717 -0.005304 0.000388 0.157436 0.987529 0.031169 -0.987051 0.157348 -0.005502 -0.000809 -0.000002
2111 0.000000 -0.108600 0.007000 -0.000365 -0.157436 -0.987529 0.999514 0.030721 -0.005280 0.031169 -0.987051 0.157348 1.005930
2122 0.000000 -0.110600 -0.027500 -0.000054 0.044414 -0.999013 0.999570 0.029295 0.001265 0.029322 -0.998584 -0.044397 -0.005649 -0.000924 0.001515
2123 0.000000 -0.110600 -0.027500 0.999570 0.029295 0.001265 0.000054 -0.044414 0.999013 0.029322 -0.998584 -0.044397 -0.002119 -0.000501 0.002078
2121 0.000000 -0.110600 -0.027500 -0.000269 0.044408 -0.999013 0.999570 0.029305 0.001050 0.029322 -0.998583 -0.044397 1.003698
2133 0.017000 -0.109800 -0.061800 0.010111 -0.016248 -0.999817 0.987004 0.160525 0.007436 0.160374 -0.986898 0.017660 -0.001284 0.001713 -0.002362
2132 0.017000 -0.109800 -0.061800 0.987004 0.160525 0.007436 -0.010111 0.016248 0.999817 0.160374 -0.986898 0.017660 0.000693 -0.002600 0.000231
2131 0.017000 -0.109800 -0.061800 0.010235 -0.016227 -0.999816 0.987002 0.160527 0.007561 0.160374 -0.986898 0.017660 0.997833
2143 -0.017100 -0.109800 -0.061900 -0.008366 -0.023513 -0.999689 0.981545 -0.191194 -0.003681 -0.191048 -0.981270 0.024678 -0.001302 0.000984 -0.002522
2142 -0.017100 -0.109800 -0.061900 0.981545 -0.191194 -0.003681 0.008366 0.023513 0.999689 -0.191048 -0.981270 0.024678 -0.001821 -0.001712 -0.000535
2141 -0.017100 -0.109800 -0.061900 -0.008389 -0.023508 -0.999688 0.981545 -0.191195 -0.003705 -0.191048 -0.981270 0.024678 0.997553
2212 0.051700 -0.027600 0.092800 0.854922 0.029534 -0.517914 0.104313 0.968198 0.227402 0.508160 -0.248436 0.824653 -0.002458 -0.001019 -0.000055
2213 0.051700 -0.027600 0.092800 0.104313 0.968198 0.227402 -0.854922 -0.029534 0.517914 0.508160 -0.248436 0.824653 -0.004923 -0.001162 0.000074
2211 0.051700 -0.027600 0.092800 0.854924 0.029547 -0.517911 0.104302 0.968198 0.227409 0.508160 -0.248436 0.824653 1.008269
2223 0.078600 -0.028400 0.069800 0.624001 -0.041516 -0.780320 0.224472 0.966016 0.128163 0.748481 -0.255134 0.612114 -0.011309 -0.001965 0.000232
2222 0.078600 -0.028400 0.069800 0.224472 0.966016 0.128163 -0.624001 0.041516 0.780320 0.748481 -0.255134 0.612114 -0.002198 -0.002003 0.000511
2221 0.078600 -0.028400 0.069800 0.624021 -0.041426 -0.780308 0.224414 0.966020 0.128236 0.748481 -0.255134 0.612114 1.005607
2233 0.055300 -0.062800 0.070600 0.379362 -0.495148 -0.781609 0.767026 0.640732 -0.033664 0.517471 -0.586743 0.622861 -0.006153 -0.001091 0.000601
2232 0.055300 -0.062800 0.070600 0.767026 0.640732 -0.033664 -0.379362 0.495148 0.781609 0.517471 -0.586743 0.622861 -0.002354 -0.001736 0.000232
2231 0.055300 -0.062800 0.070600 0.379525 -0.495012 -0.781616 0.766945 0.640837 -0.033498 0.517471 -0.586743 0.622861 0.998888
2242 0.018200 -0.054200 0.092200 -0.069144 -0.844393 -0.531243 0.988686 0.013038 -0.149435 0.133109 -0.535566 0.833937 -0.006728 -0.000256 -0.000480
2243 0.018200 -0.054200 0.092200 0.988686 0.013038 -0.149435 0.069144 0.844393 0.531243 0.133109 -0.535566 0.833937 -0.001347 -0.000546 0.000977
2241 0.018200 -0.054200 0.092200 -0.069092 -0.844393 -0.531251 0.988689 0.013083 -0.149407 0.133109 -0.535566 0.833937 1.000130
2312 0.051300 -0.086100 0.039700 0.151755 -0.299937 -0.941811 0.875057 0.483843 -0.013121 0.459624 -0.822147 0.335886 0.001502 -0.000298 0.000390
2313 0.051300 -0.086100 0.039700 0.875057 0.483843 -0.013121 -0.151755 0.299937 0.941811 0.459624 -0.822147 0.335886 -0.003306 -0.001326 0.000652
2311 0.051300 -0.086100 0.039700 0.151794 -0.299915 -0.941812 0.875050 0.483856 -0.013079 0.459624 -0.822147 0.335887 1.000802
2323 0.063700 -0.088400 0.006200 0.056320 -0.071193 -0.995871 0.800909 0.598781 0.002541 0.596128 -0.797745 0.090742 -0.006303 0.000687 -0.000646
2322 0.063700 -0.088400 0.006200 0.800909 0.598781 0.002541 -0.056320 0.071193 0.995871 0.596128 -0.797745 0.090742 -0.004234 -0.000641 -0.000135
2321 0.063700 -0.088400 0.006200 0.056400 -0.071133 -0.995871 0.800903 0.598789 0.002641 0.596128 -0.797745 0.090742 1.001821
2332 0.033000 -0.105100 -0.027700 -0.008399 0.033624 -0.999399 0.942656 0.333750 0.003294 0.333660 -0.942062 -0.034500 -0.004060 0.002016 -0.000822
2333 0.033000 -0.105100 -0.027700 0.942656 0.333750 0.003294 0.008399 -0.033624 0.999399 0.333660 -0.942062 -0.034500 -0.000700 -0.003408 0.001508
2331 0.033000 -0.105100 -0.027700 -0.008566 0.033565 -0.999400 0.942654 0.333756 0.003116 0.333660 -0.942062 -0.034500 1.000141
2343 0.033300 -0.103400 0.006300 0.043799 -0.130220 -0.990517 0.949946 0.312414 0.000937 0.309329 -0.940979 0.137385 -0.005312 -0.000006 0.000310
2342 0.033300 -0.103400 0.006300 0.949946 0.312414 0.000937 -0.043799 0.130220 0.990517 0.309329 -0.940979 0.137385 -0.003222 -0.002229 -0.000688
2341 0.033300 -0.103400 0.006300 0.043814 -0.130215 -0.990517 0.949945 0.312416 0.000952 0.309329 -0.940979 0.137385 0.987586
2412 0.095200 -0.030600 0.039200 0.327071 -0.064663 -0.942785 0.316226 0.947629 0.044727 0.890518 -0.312762 0.330390 -0.007131 -0.000644 0.000123
2413 0.095200 -0.030600 0.039200 0.316226 0.947629 0.044727 -0.327071 0.064663 0.942785 0.890518 -0.312762 0.330390 -0.007582 -0.001486 0.003390
2411 0.095200 -0.030600 0.039200 0.327101 -0.064573 -0.942781 0.316194 0.947635 0.044817 0.890518 -0.312762 0.330390 1.004364
2423 0.101700 -0.033800 0.005800 0.066894 -0.028563 -0.997351 0.315517 0.948901 -0.005985 0.946558 -0.314281 0.072488 0.001069 0.002821 0.001274
2422 0.101700 -0.033800 0.005800 0.315517 0.948901 -0.005985 -0.066894 0.028563 0.997351 0.946558 -0.314281 0.072488 -0.006285 0.003110 0.000752
2421 0.101700 -0.033800 0.005800 0.066912 -0.028510 -0.997351 0.315514 0.948902 -0.005929 0.946558 -0.314281 0.072488 0.995093
2433 0.086600 -0.063900 0.005600 0.066858 -0.049272 -0.996545 0.555045 0.831811 -0.003855 0.829127 -0.552870 0.082962 -0.004686 -0.001812 -0.000506
2432 0.086600 -0.063900 0.005600 0.555045 0.831811 -0.003855 -0.066858 0.049272 0.996545 0.829127 -0.552870 0.082962 0.002936 -0.013831 0.004641
2431 0.086600 -0.063900 0.005600 0.066869 -0.049256 -0.996545 0.555044 0.831812 -0.003836 0.829128 -0.552870 0.082962 1.005981
2442 0.078100 -0.062900 0.039400 0.251832 -0.197876 -0.947325 0.589431 0.807730 -0.011955 0.767549 -0.555372 0.320047 0.002541 0.003086 -0.000245
2443 0.078100 -0.062900 0.039400 0.589431 0.807730 -0.011955 -0.251832 0.197876 0.947325 0.767549 -0.555372 0.320047 -0.004430 -0.004389 0.003360
2441 0.078100 -0.062900 0.039400 0.251877 -0.197815 -0.947326 0.589412 0.807745 -0.011884 0.767549 -0.555372 0.320047 0.999459
2512 0.063000 -0.090600 -0.027600 -0.024609 0.040067 -0.998894 0.799222 0.601020 0.004367 0.600530 -0.798231 -0.046813 -0.002489 0.000778 -0.000878
2513 0.063000 -0.090600 -0.027600 0.799222 0.601020 0.004367 0.024609 -0.040067 0.998894 0.600530 -0.798231 -0.046813 -0.004513 -0.002707 0.002664
