113	-0.106600 0.046400 -0.060400 -0.012700 0.005700 -0.999903 -0.186801 -0.982403 -0.003300 -0.981487 0.190546 0.016294 -0.000907
112	-0.106600 0.046400 -0.060400 -0.186801 -0.982403 -0.003300 0.012700 -0.005700 0.999903 -0.981487 0.190546 0.016294 -0.002896
111	-0.106600 0.046400 -0.060400 -0.012700 0.005700 -0.999903 -0.186801 -0.982403 -0.003300 -0.981487 0.190546 0.016294 0.991350
122	-0.102000 0.063100 -0.025600 0.013600 0.001100 -0.999902 -0.282001 -0.959402 -0.004900 -0.965449 0.260363 -0.005710 -0.003068
123	-0.102000 0.063100 -0.025600 -0.282001 -0.959402 -0.004900 -0.013600 -0.001100 0.999902 -0.965449 0.260363 -0.005710 -0.003992
121	-0.102000 0.063100 -0.025600 0.013600 0.001100 -0.999902 -0.282001 -0.959402 -0.004900 -0.965449 0.260363 -0.005710 0.992293
132	-0.108500 0.030200 -0.026600 0.002600 0.002300 -0.999955 -0.095196 -0.995456 -0.002500 -0.996278 0.085757 -0.005408 0.000169
133	-0.108500 0.030200 -0.026600 -0.095196 -0.995456 -0.002500 -0.002600 -0.002300 0.999955 -0.996278 0.085757 -0.005408 -0.002814
131	-0.108500 0.030200 -0.026600 0.002600 0.002300 -0.999955 -0.095196 -0.995456 -0.002500 -0.996278 0.085757 -0.005408 1.002835
143	-0.109900 0.013100 -0.062700 -0.012300 0.001800 -0.999923 -0.021200 -0.999823 -0.001600 -0.999084 0.029223 0.030322 -0.002221
142	-0.109900 0.013100 -0.062700 -0.021200 -0.999823 -0.001600 0.012300 -0.001800 0.999923 -0.999084 0.029223 0.030322 -0.007599
141	-0.109900 0.013100 -0.062700 -0.012300 0.001800 -0.999923 -0.021200 -0.999823 -0.001600 -0.999084 0.029223 0.030322 0.997890
213	-0.107400 0.032900 0.008000 -0.051198 0.007700 -0.998659 -0.101496 -0.994759 -0.002500 -0.993088 0.101956 0.057981 -0.001874
212	-0.107400 0.032900 0.008000 -0.101496 -0.994759 -0.002500 0.051198 -0.007700 0.998659 -0.993088 0.101956 0.057981 -0.004324
211	-0.107400 0.032900 0.008000 -0.051198 0.007700 -0.998659 -0.101496 -0.994759 -0.002500 -0.993088 0.101956 0.057981 0.996707
222	-0.098900 0.040300 0.041300 -0.343206 0.059801 -0.937415 -0.161803 -0.986816 -0.003700 -0.925256 0.151446 0.347723 -0.001756
223	-0.098900 0.040300 0.041300 -0.161803 -0.986816 -0.003700 0.343206 -0.059801 0.937415 -0.925256 0.151446 0.347723 -0.002270
221	-0.098900 0.040300 0.041300 -0.343206 0.059801 -0.937415 -0.161803 -0.986816 -0.003700 -0.925256 0.151446 0.347723 1.007554
232	-0.101100 0.004400 0.040800 -0.352103 0.008700 -0.935908 0.037800 -0.999009 -0.023500 -0.938019 -0.043367 0.343823 -0.001466
233	-0.101100 0.004400 0.040800 0.037800 -0.999009 -0.023500 0.352103 -0.008700 0.935908 -0.938019 -0.043367 0.343823 -0.004458
231	-0.101100 0.004400 0.040800 -0.352103 0.008700 -0.935908 0.037800 -0.999009 -0.023500 -0.938019 -0.043367 0.343823 1.002433
243	-0.108300 -0.001100 0.007100 -0.067199 -0.010400 -0.997685 0.084999 -0.996386 0.004700 -0.994188 -0.079462 0.072326 -0.001929
242	-0.108300 -0.001100 0.007100 0.084999 -0.996386 0.004700 0.067199 0.010400 0.997685 -0.994188 -0.079462 0.072326 -0.004217
241	-0.108300 -0.001100 0.007100 -0.067199 -0.010400 -0.997685 0.084999 -0.996386 0.004700 -0.994188 -0.079462 0.072326 1.008796
313	-0.086100 0.098800 0.009000 -0.035199 0.118196 -0.992366 -0.483584 -0.870970 -0.086597 -0.875598 0.474691 0.089336 -0.002411
312	-0.086100 0.098800 0.009000 -0.483584 -0.870970 -0.086597 0.035199 -0.118196 0.992366 -0.875598 0.474691 0.089336 -0.002386
311	-0.086100 0.098800 0.009000 -0.035199 0.118196 -0.992366 -0.483584 -0.870970 -0.086597 -0.875598 0.474691 0.089336 0.998068
322	-0.088700 0.075700 0.041200 -0.351594 0.118898 -0.928584 -0.370994 -0.928384 0.021600 -0.862396 0.350296 0.365422 -0.002824
323	-0.088700 0.075700 0.041200 -0.370994 -0.928384 0.021600 0.351594 -0.118898 0.928584 -0.862396 0.350296 0.365422 -0.001560
321	-0.088700 0.075700 0.041200 -0.351594 0.118898 -0.928584 -0.370994 -0.928384 0.021600 -0.862396 0.350296 0.365422 1.003627
333	-0.070200 0.075800 0.070700 -0.594240 0.228816 -0.771052 -0.385726 -0.922363 0.023502 -0.708157 0.319310 0.629707 -0.003817
332	-0.070200 0.075800 0.070700 -0.385726 -0.922363 0.023502 0.594240 -0.228816 0.771052 -0.708157 0.319310 0.629707 -0.003268
331	-0.070200 0.075800 0.070700 -0.594240 0.228816 -0.771052 -0.385726 -0.922363 0.023502 -0.708157 0.319310 0.629707 1.002427
343	-0.100300 0.065900 0.008100 -0.065802 0.024701 -0.997527 -0.288308 -0.957526 -0.004700 -0.955263 0.285470 0.076593 -0.002601
342	-0.100300 0.065900 0.008100 -0.288308 -0.957526 -0.004700 0.065802 -0.024701 0.997527 -0.955263 0.285470 0.076593 -0.004961
341	-0.100300 0.065900 0.008100 -0.065802 0.024701 -0.997527 -0.288308 -0.957526 -0.004700 -0.955263 0.285470 0.076593 1.005552
413	-0.080800 0.041300 0.072000 -0.642126 0.049002 -0.765031 -0.135706 -0.989540 0.050502 -0.759326 0.136393 0.636227 -0.005495
412	-0.080800 0.041300 0.072000 -0.135706 -0.989540 0.050502 0.642126 -0.049002 0.765031 -0.759326 0.136393 0.636227 -0.005625
411	-0.080800 0.041300 0.072000 -0.642126 0.049002 -0.765031 -0.135706 -0.989540 0.050502 -0.759326 0.136393 0.636227 1.004118
422	-0.052600 0.040600 0.095200 -0.874970 -0.019699 -0.483783 -0.054998 -0.988666 0.139695 -0.479793 0.151080 0.864267 -0.002580
423	-0.052600 0.040600 0.095200 -0.054998 -0.988666 0.139695 0.874970 0.019699 0.483783 -0.479793 0.151080 0.864267 -0.002973
421	-0.052600 0.040600 0.095200 -0.874970 -0.019699 -0.483783 -0.054998 -0.988666 0.139695 -0.479793 0.151080 0.864267 1.002473
432	-0.053700 0.005900 0.096900 -0.870267 -0.017799 -0.492081 0.028999 -0.999462 -0.015299 -0.491776 -0.026489 0.870313 -0.001669
433	-0.053700 0.005900 0.096900 0.028999 -0.999462 -0.015299 0.870267 0.017799 0.492081 -0.491776 -0.026489 0.870313 -0.005386
431	-0.053700 0.005900 0.096900 -0.870267 -0.017799 -0.492081 0.028999 -0.999462 -0.015299 -0.491776 -0.026489 0.870313 0.995655
443	-0.082900 0.006200 0.072800 -0.647316 0.002100 -0.762219 0.043201 -0.998325 -0.039401 -0.764651 -0.055520 0.642034 -0.004059
442	-0.082900 0.006200 0.072800 0.043201 -0.998325 -0.039401 0.647316 -0.002100 0.762219 -0.764651 -0.055520 0.642034 -0.006744
441	-0.082900 0.006200 0.072800 -0.647316 0.002100 -0.762219 0.043201 -0.998325 -0.039401 -0.764651 -0.055520 0.642034 1.005207
513	-0.063700 0.125400 0.013600 0.019400 0.216900 -0.976001 -0.783501 -0.603001 -0.149600 -0.614794 0.769550 0.172577 -0.002789
512	-0.063700 0.125400 0.013600 -0.783501 -0.603001 -0.149600 -0.019400 -0.216900 0.976001 -0.614794 0.769550 0.172577 -0.001331
511	-0.063700 0.125400 0.013600 0.019400 0.216900 -0.976001 -0.783501 -0.603001 -0.149600 -0.614794 0.769550 0.172577 1.001142
523	-0.033200 0.139700 0.017400 0.010600 0.218707 -0.975733 -0.957032 -0.280709 -0.073302 -0.291442 0.931436 0.217702 -0.002552
522	-0.033200 0.139700 0.017400 -0.957032 -0.280709 -0.073302 -0.010600 -0.218707 0.975733 -0.291442 0.931436 0.217702 0.000362
521	-0.033200 0.139700 0.017400 0.010600 0.218707 -0.975733 -0.957032 -0.280709 -0.073302 -0.291442 0.931436 0.217702 0.995788
532	-0.033700 0.127400 0.048500 -0.052299 0.470092 -0.881084 -0.962183 -0.259895 -0.081599 -0.274354 0.841487 0.465412 -0.004174
533	-0.033700 0.127400 0.048500 -0.962183 -0.259895 -0.081599 0.052299 -0.470092 0.881084 -0.274354 0.841487 0.465412 -0.001143
531	-0.033700 0.127400 0.048500 -0.052299 0.470092 -0.881084 -0.962183 -0.259895 -0.081599 -0.274354 0.841487 0.465412 0.998222
542	-0.067200 0.108900 0.044300 -0.171191 0.377780 -0.909852 -0.709963 -0.687664 -0.151892 -0.687963 0.613813 0.387213 -0.003190
543	-0.067200 0.108900 0.044300 -0.709963 -0.687664 -0.151892 0.171191 -0.377780 0.909852 -0.687963 0.613813 0.387213 -0.002820
541	-0.067200 0.108900 0.044300 -0.171191 0.377780 -0.909852 -0.709963 -0.687664 -0.151892 -0.687963 0.613813 0.387213 1.006714
613	-0.035800 0.104800 0.075000 -0.009500 0.770803 -0.637003 -0.954604 -0.196601 -0.223701 -0.295076 0.611132 0.734466 -0.002622
612	-0.035800 0.104800 0.075000 -0.954604 -0.196601 -0.223701 0.009500 -0.770803 0.637003 -0.295076 0.611132 0.734466 -0.004242
611	-0.035800 0.104800 0.075000 -0.009500 0.770803 -0.637003 -0.954604 -0.196601 -0.223701 -0.295076 0.611132 0.734466 1.006312
622	0.000100 0.077500 0.096700 0.000200 0.917700 -0.397400 -1.000000 0.000400 0.000200 -0.000813 0.398551 0.917141 -0.004027
623	0.000100 0.077500 0.096700 -1.000000 0.000400 0.000200 -0.000200 -0.917700 0.397400 -0.000813 0.398551 0.917141 -0.001440
621	0.000100 0.077500 0.096700 0.000200 0.917700 -0.397400 -1.000000 0.000400 0.000200 -0.000813 0.398551 0.917141 0.997760
633	-0.018400 0.044000 0.106300 0.006700 0.983663 -0.179893 -0.990063 -0.018599 -0.139095 -0.128264 0.186803 0.973982 -0.002640
632	-0.018400 0.044000 0.106300 -0.990063 -0.018599 -0.139095 -0.006700 -0.983663 0.179893 -0.128264 0.186803 0.973982 -0.004712
631	-0.018400 0.044000 0.106300 0.006700 0.983663 -0.179893 -0.990063 -0.018599 -0.139095 -0.128264 0.186803 0.973982 0.995671
642	-0.036800 0.075300 0.092200 -0.025099 0.896459 -0.442380 -0.950857 -0.157993 -0.266288 -0.308974 0.410510 0.857904 -0.004479
643	-0.036800 0.075300 0.092200 -0.950857 -0.157993 -0.266288 0.025099 -0.896459 0.442380 -0.308974 0.410510 0.857904 -0.003541
641	-0.036800 0.075300 0.092200 -0.025099 0.896459 -0.442380 -0.950857 -0.157993 -0.266288 -0.308974 0.410510 0.857904 1.005880
713	-0.018500 0.010500 0.109600 -0.990008 -0.012000 -0.140501 0.013700 -0.999808 -0.011400 -0.147060 -0.008387 0.989086 -0.001541
712	-0.018500 0.010500 0.109600 0.013700 -0.999808 -0.011400 0.990008 0.012000 0.140501 -0.147060 -0.008387 0.989086 -0.009314
711	-0.018500 0.010500 0.109600 -0.990008 -0.012000 -0.140501 0.013700 -0.999808 -0.011400 -0.147060 -0.008387 0.989086 0.991483
723	0.018600 0.010500 0.109600 0.988752 -0.007200 -0.149393 0.001100 0.999151 -0.040798 0.152226 0.033661 0.987765 -0.000541
722	0.018600 0.010500 0.109600 0.001100 0.999151 -0.040798 -0.988752 0.007200 0.149393 0.152226 0.033661 0.987765 -0.006538
721	0.018600 0.010500 0.109600 0.988752 -0.007200 -0.149393 0.001100 0.999151 -0.040798 0.152226 0.033661 0.987765 0.984960
733	0.018600 -0.023300 0.105900 -0.036600 -0.970305 -0.239101 0.987205 0.002100 -0.159701 0.152117 -0.240094 0.958753 -0.001597
732	0.018600 -0.023300 0.105900 0.987205 0.002100 -0.159701 0.036600 0.970305 0.239101 0.152117 -0.240094 0.958753 -0.005052
731	0.018600 -0.023300 0.105900 -0.036600 -0.970305 -0.239101 0.987205 0.002100 -0.159701 0.152117 -0.240094 0.958753 0.987224
743	-0.018500 -0.023700 0.105800 0.039398 -0.969753 -0.240888 0.992852 0.010799 0.118594 -0.119493 -0.237269 0.964064 -0.001622
742	-0.018500 -0.023700 0.105800 0.992852 0.010799 0.118594 -0.039398 0.969753 0.240888 -0.119493 -0.237269 0.964064 0.001278
741	-0.018500 -0.023700 0.105800 0.039398 -0.969753 -0.240888 0.992852 0.010799 0.118594 -0.119493 -0.237269 0.964064 0.994507
813	0.000100 0.144500 0.018700 -0.000300 0.251701 -0.967805 -0.999905 -0.012100 -0.002800 -0.005327 0.964999 0.261943 -0.004259
812	0.000100 0.144500 0.018700 -0.999905 -0.012100 -0.002800 0.000300 -0.251701 0.967805 -0.005327 0.964999 0.261943 -0.004752
811	0.000100 0.144500 0.018700 -0.000300 0.251701 -0.967805 -0.999905 -0.012100 -0.002800 -0.005327 0.964999 0.261943 0.993185
822	0.000100 0.131600 0.050000 0.000700 0.499200 -0.866500 -1.000000 0.000900 -0.000200 -0.000519 0.868428 0.495697 0.003133
823	0.000100 0.131600 0.050000 -1.000000 0.000900 -0.000200 -0.000700 -0.499200 0.866500 -0.000519 0.868428 0.495697 -0.001448
821	0.000100 0.131600 0.050000 0.000700 0.499200 -0.866500 -1.000000 0.000900 -0.000200 -0.000519 0.868428 0.495697 0.996184
913	0.033100 0.139700 0.017300 -0.005300 0.236504 -0.971616 -0.964716 0.254804 0.067301 0.261425 0.936150 0.234980 -0.004820
912	0.033100 0.139700 0.017300 -0.964716 0.254804 0.067301 0.005300 -0.236504 0.971616 0.261425 0.936150 0.234980 -0.002472
911	0.033100 0.139700 0.017300 -0.005300 0.236504 -0.971616 -0.964716 0.254804 0.067301 0.261425 0.936150 0.234980 0.997885
923	0.063800 0.125300 0.013500 -0.022801 0.216906 -0.975926 -0.792421 0.591316 0.150004 0.622837 0.765678 0.160591 -0.001255
922	0.063800 0.125300 0.013500 -0.792421 0.591316 0.150004 0.022801 -0.216906 0.975926 0.622837 0.765678 0.160591 -0.001315
921	0.063800 0.125300 0.013500 -0.022801 0.216906 -0.975926 -0.792421 0.591316 0.150004 0.622837 0.765678 0.160591 1.003365
932	0.067100 0.108800 0.044400 0.174311 0.376424 -0.909958 -0.709645 0.688644 0.148909 0.685646 0.614945 0.389457 -0.004140
933	0.067100 0.108800 0.044400 -0.709645 0.688644 0.148909 -0.174311 -0.376424 0.909958 0.685646 0.614945 0.389457 -0.002465
931	0.067100 0.108800 0.044400 0.174311 0.376424 -0.909958 -0.709645 0.688644 0.148909 0.685646 0.614945 0.389457 1.004499
942	0.033800 0.127300 0.048600 0.055602 0.468914 -0.881527 -0.961529 0.263008 0.079302 0.263120 0.845696 0.464266 -0.005319
943	0.033800 0.127300 0.048600 -0.961529 0.263008 0.079302 -0.055602 -0.468914 0.881527 0.263120 0.845696 0.464266 -0.002205
941	0.033800 0.127300 0.048600 0.055602 0.468914 -0.881527 -0.961529 0.263008 0.079302 0.263120 0.845696 0.464266 0.997395
1013	0.000100 0.109300 0.077100 0.000900 0.759320 -0.650717 -0.999826 -0.013800 -0.017400 -0.021248 0.650628 0.759088 -0.001567
1012	0.000100 0.109300 0.077100 -0.999826 -0.013800 -0.017400 -0.000900 -0.759320 0.650717 -0.021248 0.650628 0.759088 -0.001086
1011	0.000100 0.109300 0.077100 0.000900 0.759320 -0.650717 -0.999826 -0.013800 -0.017400 -0.021248 0.650628 0.759088 0.998984
1023	0.035800 0.104800 0.075000 0.006800 0.768236 -0.640130 -0.964046 0.175308 0.200109 0.271755 0.617705 0.737941 -0.004497
1022	0.035800 0.104800 0.075000 -0.964046 0.175308 0.200109 -0.006800 -0.768236 0.640130 0.271755 0.617705 0.737941 -0.004397
1021	0.035800 0.104800 0.075000 0.006800 0.768236 -0.640130 -0.964046 0.175308 0.200109 0.271755 0.617705 0.737941 1.005345
1032	0.036800 0.075200 0.092300 0.029199 0.895982 -0.442991 -0.950980 0.161397 0.263795 0.304427 0.411087 0.859254 -0.003319
1033	0.036800 0.075200 0.092300 -0.950980 0.161397 0.263795 -0.029199 -0.895982 0.442991 0.304427 0.411087 0.859254 -0.001397
1031	0.036800 0.075200 0.092300 0.029199 0.895982 -0.442991 -0.950980 0.161397 0.263795 0.304427 0.411087 0.859254 0.998168
1043	0.018400 0.044200 0.106200 -0.013699 0.979661 -0.200192 -0.993160 0.009900 0.116395 0.129665 0.200562 0.971060 -0.005180
1042	0.018400 0.044200 0.106200 -0.993160 0.009900 0.116395 0.013699 -0.979661 0.200192 0.129665 0.200562 0.971060 -0.004686
1041	0.018400 0.044200 0.106200 -0.013699 0.979661 -0.200192 -0.993160 0.009900 0.116395 0.129665 0.200562 0.971060 0.991028
1112	0.052500 0.040600 0.095300 0.875761 -0.017599 -0.482379 -0.056398 0.988756 -0.138494 0.481534 0.149647 0.863550 0.000712
1113	0.052500 0.040600 0.095300 -0.056398 0.988756 -0.138494 -0.875761 0.017599 0.482379 0.481534 0.149647 0.863550 -0.001089
1111	0.052500 0.040600 0.095300 0.875761 -0.017599 -0.482379 -0.056398 0.988756 -0.138494 0.481534 0.149647 0.863550 0.990956
1123	0.080900 0.041300 0.072100 0.643867 0.052097 -0.763361 -0.171791 0.981950 -0.077896 0.750327 0.181366 0.635683 -0.003834
1122	0.080900 0.041300 0.072100 -0.171791 0.981950 -0.077896 -0.643867 -0.052097 0.763361 0.750327 0.181366 0.635683 -0.001401
1121	0.080900 0.041300 0.072100 0.643867 0.052097 -0.763361 -0.171791 0.981950 -0.077896 0.750327 0.181366 0.635683 1.004559
1133	0.082800 0.006100 0.072800 0.645314 0.000600 -0.763917 0.011100 0.999922 0.010200 0.764651 -0.013440 0.644294 -0.001802
1132	0.082800 0.006100 0.072800 0.011100 0.999922 0.010200 -0.645314 -0.000600 0.763917 0.764651 -0.013440 0.644294 -0.002086
1131	0.082800 0.006100 0.072800 0.645314 0.000600 -0.763917 0.011100 0.999922 0.010200 0.764651 -0.013440 0.644294 1.003540
1142	0.053500 0.006200 0.097000 0.871295 -0.018300 -0.490397 0.028700 0.999494 0.013700 0.490885 -0.026364 0.870804 -0.001805
1143	0.053500 0.006200 0.097000 0.028700 0.999494 0.013700 -0.871295 0.018300 0.490397 0.490885 -0.026364 0.870804 -0.003529
1141	0.053500 0.006200 0.097000 0.871295 -0.018300 -0.490397 0.028700 0.999494 0.013700 0.490885 -0.026364 0.870804 1.002501
1213	0.086200 0.098600 0.008900 0.046901 0.120402 -0.991617 -0.502008 0.861115 0.080801 0.865712 0.490601 0.098899 -0.002223
1212	0.086200 0.098600 0.008900 -0.502008 0.861115 0.080801 -0.046901 -0.120402 0.991617 0.865712 0.490601 0.098899 -0.002105
1211	0.086200 0.098600 0.008900 0.046901 0.120402 -0.991617 -0.502008 0.861115 0.080801 0.865712 0.490601 0.098899 0.995504
1223	0.100300 0.066000 0.008200 0.067403 0.027601 -0.997344 -0.315514 0.948942 0.005000 0.946796 0.313782 0.070512 -0.000888
1222	0.100300 0.066000 0.008200 -0.315514 0.948942 0.005000 -0.067403 -0.027601 0.997344 0.946796 0.313782 0.070512 -0.004778
1221	0.100300 0.066000 0.008200 0.067403 0.027601 -0.997344 -0.315514 0.948942 0.005000 0.946796 0.313782 0.070512 1.002517
1232	0.088700 0.075700 0.041200 0.351800 0.119000 -0.928499 -0.371200 0.928299 -0.021700 0.863256 0.351714 0.361974 -0.007044
1233	0.088700 0.075700 0.041200 -0.371200 0.928299 -0.021700 -0.351800 -0.119000 0.928499 0.863256 0.351714 0.361974 -0.002391
1231	0.088700 0.075700 0.041200 0.351800 0.119000 -0.928499 -0.371200 0.928299 -0.021700 0.863256 0.351714 0.361974 1.005197
1243	0.069900 0.075800 0.070900 0.612621 0.238208 -0.753626 -0.425815 0.902831 -0.060702 0.668795 0.358609 0.651196 -0.004527
1242	0.069900 0.075800 0.070900 -0.425815 0.902831 -0.060702 -0.612621 -0.238208 0.753626 0.668795 0.358609 0.651196 -0.003986
1241	0.069900 0.075800 0.070900 0.612621 0.238208 -0.753626 -0.425815 0.902831 -0.060702 0.668795 0.358609 0.651196 1.001555
1312	0.098900 0.040400 0.041300 0.343005 0.060601 -0.937414 -0.162403 0.986715 0.004300 0.925160 0.152298 0.347611 -0.001624
1313	0.098900 0.040400 0.041300 -0.162403 0.986715 0.004300 -0.343005 -0.060601 0.937414 0.925160 0.152298 0.347611 -0.002730
1311	0.098900 0.040400 0.041300 0.343005 0.060601 -0.937414 -0.162403 0.986715 0.004300 0.925160 0.152298 0.347611 1.002249
1323	0.107400 0.032900 0.008100 0.062598 0.011400 -0.997974 -0.129597 0.991574 0.003200 0.988901 0.134422 0.062992 -0.000173
1322	0.107400 0.032900 0.008100 -0.129597 0.991574 0.003200 -0.062598 -0.011400 0.997974 0.988901 0.134422 0.062992 -0.002431
1321	0.107400 0.032900 0.008100 0.062598 0.011400 -0.997974 -0.129597 0.991574 0.003200 0.988901 0.134422 0.062992 0.998766
1333	0.108300 -0.001100 0.006800 0.050900 -0.002300 -0.998701 0.060100 0.998201 0.000800 0.996972 -0.057016 0.052562 -0.001687
1332	0.108300 -0.001100 0.006800 0.060100 0.998201 0.000800 -0.050900 0.002300 0.998701 0.996972 -0.057016 0.052562 -0.006328
1331	0.108300 -0.001100 0.006800 0.050900 -0.002300 -0.998701 0.060100 0.998201 0.000800 0.996972 -0.057016 0.052562 1.004991
1342	0.101000 0.004400 0.041000 0.353004 0.007800 -0.935611 0.038200 0.999012 0.022700 0.936159 -0.042580 0.348963 -0.007645
1343	0.101000 0.004400 0.041000 0.038200 0.999012 0.022700 -0.353004 -0.007800 0.935611 0.936159 -0.042580 0.348963 -0.001632
1341	0.101000 0.004400 0.041000 0.353004 0.007800 -0.935611 0.038200 0.999012 0.022700 0.936159 -0.042580 0.348963 1.006914
1412	0.102000 0.063000 -0.026000 -0.014301 0.003500 -0.999948 -0.281114 0.959646 0.007400 0.960796 0.277153 -0.005457 -0.004795
1413	0.102000 0.063000 -0.026000 -0.281114 0.959646 0.007400 0.014301 -0.003500 0.999948 0.960796 0.277153 -0.005457 -0.003329
1411	0.102000 0.063000 -0.026000 -0.014301 0.003500 -0.999948 -0.281114 0.959646 0.007400 0.960796 0.277153 -0.005457 0.970639
1423	0.106500 0.046900 -0.060000 0.012000 0.008300 -0.999894 -0.179699 0.983694 0.006000 0.984123 0.176078 0.021996 -0.008994
1422	0.106500 0.046900 -0.060000 -0.179699 0.983694 0.006000 -0.012000 -0.008300 0.999894 0.984123 0.176078 0.021996 -0.002085
1421	0.106500 0.046900 -0.060000 0.012000 0.008300 -0.999894 -0.179699 0.983694 0.006000 0.984123 0.176078 0.021996 0.999955
1433	0.109800 0.013100 -0.062200 0.012400 0.004400 -0.999913 -0.012800 0.999913 0.004200 0.999624 0.004798 0.026471 -0.006688
1432	0.109800 0.013100 -0.062200 -0.012800 0.999913 0.004200 -0.012400 -0.004400 0.999913 0.999624 0.004798 0.026471 -0.003525
1431	0.109800 0.013100 -0.062200 0.012400 0.004400 -0.999913 -0.012800 0.999913 0.004200 0.999624 0.004798 0.026471 0.997990
1442	0.108300 0.030100 -0.026200 -0.009900 0.004100 -0.999888 -0.095799 0.995388 0.005100 0.994574 0.103256 -0.011536 -0.002360
1443	0.108300 0.030100 -0.026200 -0.095799 0.995388 0.005100 0.009900 -0.004100 0.999888 0.994574 0.103256 -0.011536 -0.005202
1441	0.108300 0.030100 -0.026200 -0.009900 0.004100 -0.999888 -0.095799 0.995388 0.005100 0.994574 0.103256 -0.011536 0.999563
1512	-0.108800 -0.003200 -0.028400 0.020599 0.000800 -0.999771 0.080298 -0.996771 0.000800 -0.995726 -0.090492 -0.016472 -0.004669
1513	-0.108800 -0.003200 -0.028400 0.080298 -0.996771 0.000800 -0.020599 -0.000800 0.999771 -0.995726 -0.090492 -0.016472 -0.001099
1511	-0.108800 -0.003200 -0.028400 0.020599 0.000800 -0.999771 0.080298 -0.996771 0.000800 -0.995726 -0.090492 -0.016472 1.001152
1522	-0.101700 -0.036000 -0.028100 0.028399 0.002900 -0.999575 0.340892 -0.940077 0.007000 -0.935936 -0.351206 -0.025556 -0.004496
1523	-0.101700 -0.036000 -0.028100 0.340892 -0.940077 0.007000 -0.028399 -0.002900 0.999575 -0.935936 -0.351206 -0.025556 -0.000499
1521	-0.101700 -0.036000 -0.028100 0.028399 0.002900 -0.999575 0.340892 -0.940077 0.007000 -0.935936 -0.351206 -0.025556 1.005383
1533	-0.095100 -0.052400 -0.062300 -0.014600 0.000600 -0.999893 0.465497 -0.884994 -0.007300 -0.894440 -0.446582 0.022296 -0.003096
1532	-0.095100 -0.052400 -0.062300 0.465497 -0.884994 -0.007300 0.014600 -0.000600 0.999893 -0.894440 -0.446582 0.022296 -0.006380
1531	-0.095100 -0.052400 -0.062300 -0.014600 0.000600 -0.999893 0.465497 -0.884994 -0.007300 -0.894440 -0.446582 0.022296 1.003956
1543	-0.106800 -0.020500 -0.062500 -0.013500 0.001800 -0.999907 0.201801 -0.979407 -0.004500 -0.982012 -0.186203 0.030228 0.000112
1542	-0.106800 -0.020500 -0.062500 0.201801 -0.979407 -0.004500 0.013500 -0.001800 0.999907 -0.982012 -0.186203 0.030228 0.000000
1541	-0.106800 -0.020500 -0.062500 -0.013500 0.001800 -0.999907 0.201801 -0.979407 -0.004500 -0.982012 -0.186203 0.030228 1.000912
1613	-0.101700 -0.033900 0.005600 -0.068397 -0.031599 -0.997158 0.340386 -0.940260 0.006500 -0.940456 -0.331640 0.074476 0.000984
1612	-0.101700 -0.033900 0.005600 0.340386 -0.940260 0.006500 0.068397 0.031599 0.997158 -0.940456 -0.331640 0.074476 -0.005132
1611	-0.101700 -0.033900 0.005600 -0.068397 -0.031599 -0.997158 0.340386 -0.940260 0.006500 -0.940456 -0.331640 0.074476 0.997060
1622	-0.095200 -0.030800 0.039100 -0.325001 -0.058300 -0.943902 0.308901 -0.949902 -0.047600 -0.895075 -0.306961 0.323391 -0.001827
1623	-0.095200 -0.030800 0.039100 0.308901 -0.949902 -0.047600 0.325001 0.058300 0.943902 -0.895075 -0.306961 0.323391 -0.000183
1621	-0.095200 -0.030800 0.039100 -0.325001 -0.058300 -0.943902 0.308901 -0.949902 -0.047600 -0.895075 -0.306961 0.323391 1.002065
1632	-0.078100 -0.062800 0.039400 -0.261799 -0.201399 -0.943897 0.596898 -0.802297 0.005600 -0.756959 -0.565470 0.327493 -0.003435
1633	-0.078100 -0.062800 0.039400 0.596898 -0.802297 0.005600 0.261799 0.201399 0.943897 -0.756959 -0.565470 0.327493 0.000416
1631	-0.078100 -0.062800 0.039400 -0.261799 -0.201399 -0.943897 0.596898 -0.802297 0.005600 -0.756959 -0.565470 0.327493 1.006260
1643	-0.086600 -0.064000 0.005500 -0.060699 -0.048399 -0.996982 0.570290 -0.821385 0.005100 -0.823739 -0.562077 0.074181 -0.001483
1642	-0.086600 -0.064000 0.005500 0.570290 -0.821385 0.005100 0.060699 0.048399 0.996982 -0.823739 -0.562077 0.074181 -0.001294
1641	-0.086600 -0.064000 0.005500 -0.060699 -0.048399 -0.996982 0.570290 -0.821385 0.005100 -0.823739 -0.562077 0.074181 0.997972
1713	-0.075800 -0.079700 -0.062100 0.000000 -0.015300 -0.999883 0.678188 -0.734787 0.011200 -0.746887 -0.664856 0.009498 0.000000
1712	-0.075800 -0.079700 -0.062100 0.678188 -0.734787 0.011200 0.000000 0.015300 0.999883 -0.746887 -0.664856 0.009498 -0.000303
1711	-0.075800 -0.079700 -0.062100 0.000000 -0.015300 -0.999883 0.678188 -0.734787 0.011200 -0.746887 -0.664856 0.009498 1.001474
1722	-0.086100 -0.066000 -0.028200 0.022801 0.009400 -0.999727 0.571015 -0.820922 0.005300 -0.817829 -0.574724 -0.028398 -0.002430
1723	-0.086100 -0.066000 -0.028200 0.571015 -0.820922 0.005300 -0.022801 -0.009400 0.999727 -0.817829 -0.574724 -0.028398 -0.002765
1721	-0.086100 -0.066000 -0.028200 0.022801 0.009400 -0.999727 0.571015 -0.820922 0.005300 -0.817829 -0.574724 -0.028398 1.000753
1732	-0.063200 -0.090500 -0.027800 0.016000 0.023501 -0.999624 0.807319 -0.590114 -0.000900 -0.579498 -0.813795 -0.043625 0.000261
1733	-0.063200 -0.090500 -0.027800 0.807319 -0.590114 -0.000900 -0.016000 -0.023501 0.999624 -0.579498 -0.813795 -0.043625 -0.000079
1731	-0.063200 -0.090500 -0.027800 0.016000 0.023501 -0.999624 0.807319 -0.590114 -0.000900 -0.579498 -0.813795 -0.043625 1.003391
1743	-0.048900 -0.099400 -0.062100 -0.008800 -0.009400 -0.999917 0.895915 -0.444308 -0.003700 -0.459939 -0.887812 0.014959 -0.005486
1742	-0.048900 -0.099400 -0.062100 0.895915 -0.444308 -0.003700 0.008800 0.009400 0.999917 -0.459939 -0.887812 0.014959 -0.001613
1741	-0.048900 -0.099400 -0.062100 -0.008800 -0.009400 -0.999917 0.895915 -0.444308 -0.003700 -0.459939 -0.887812 0.014959 1.002122
1813	-0.078600 -0.028700 0.069600 -0.617503 -0.040900 -0.785504 0.249001 -0.957505 -0.145901 -0.745406 -0.286120 0.602079 -0.002433
1812	-0.078600 -0.028700 0.069600 0.249001 -0.957505 -0.145901 0.617503 0.040900 0.785504 -0.745406 -0.286120 0.602079 -0.004029
1811	-0.078600 -0.028700 0.069600 -0.617503 -0.040900 -0.785504 0.249001 -0.957505 -0.145901 -0.745406 -0.286120 0.602079 1.002796
1822	-0.051800 -0.027700 0.092700 -0.859116 0.025300 -0.511209 0.109902 -0.966318 -0.232704 -0.499637 -0.257325 0.827127 -0.002892
1823	-0.051800 -0.027700 0.092700 0.109902 -0.966318 -0.232704 0.859116 -0.025300 0.511209 -0.499637 -0.257325 0.827127 -0.002315
1821	-0.051800 -0.027700 0.092700 -0.859116 0.025300 -0.511209 0.109902 -0.966318 -0.232704 -0.499637 -0.257325 0.827127 1.005706
1832	-0.018100 -0.054200 0.092300 0.070502 -0.841822 -0.535214 0.989126 -0.010400 0.146704 -0.132499 -0.536691 0.833307 0.000005
1833	-0.018100 -0.054200 0.092300 0.989126 -0.010400 0.146704 -0.070502 0.841822 0.535214 -0.132499 -0.536691 0.833307 -0.000781
1831	-0.018100 -0.054200 0.092300 0.070502 -0.841822 -0.535214 0.989126 -0.010400 0.146704 -0.132499 -0.536691 0.833307 0.989493
1843	-0.055200 -0.062700 0.070700 -0.383905 -0.499806 -0.776409 0.785209 -0.619107 0.010300 -0.496870 -0.600802 0.626220 -0.001312
1842	-0.055200 -0.062700 0.070700 0.785209 -0.619107 0.010300 0.383905 0.499806 0.776409 -0.496870 -0.600802 0.626220 0.000382
1841	-0.055200 -0.062700 0.070700 -0.383905 -0.499806 -0.776409 0.785209 -0.619107 0.010300 -0.496870 -0.600802 0.626220 1.002164
1912	-0.051300 -0.086100 0.039700 -0.154503 -0.301206 -0.940920 0.880219 -0.474510 0.007400 -0.446447 -0.828474 0.338081 -0.002219
1913	-0.051300 -0.086100 0.039700 0.880219 -0.474510 0.007400 0.154503 0.301206 0.940920 -0.446447 -0.828474 0.338081 -0.000122
1911	-0.051300 -0.086100 0.039700 -0.154503 -0.301206 -0.940920 0.880219 -0.474510 0.007400 -0.446447 -0.828474 0.338081 1.000551
1923	-0.033500 -0.103300 0.006200 -0.044700 -0.142400 -0.988799 0.959299 -0.282400 -0.002700 -0.278015 -0.949723 0.143944 -0.001342
1922	-0.033500 -0.103300 0.006200 0.959299 -0.282400 -0.002700 0.044700 0.142400 0.988799 -0.278015 -0.949723 0.143944 0.000013
1921	-0.033500 -0.103300 0.006200 -0.044700 -0.142400 -0.988799 0.959299 -0.282400 -0.002700 -0.278015 -0.949723 0.143944 1.000645
1932	-0.033100 -0.105100 -0.027800 0.007900 0.022401 -0.999723 0.951222 -0.308507 0.000600 -0.296474 -0.954638 -0.027414 -0.001322
1933	-0.033100 -0.105100 -0.027800 0.951222 -0.308507 0.000600 -0.007900 -0.022401 0.999723 -0.296474 -0.954638 -0.027414 -0.000983
1931	-0.033100 -0.105100 -0.027800 0.007900 0.022401 -0.999723 0.951222 -0.308507 0.000600 -0.296474 -0.954638 -0.027414 0.998044
1943	-0.063600 -0.088400 0.006000 -0.064102 -0.086003 -0.994231 0.809725 -0.586818 -0.001400 -0.593334 -0.798414 0.102241 -0.002267
1942	-0.063600 -0.088400 0.006000 0.809725 -0.586818 -0.001400 0.064102 0.086003 0.994231 -0.593334 -0.798414 0.102241 -0.002826
1941	-0.063600 -0.088400 0.006000 -0.064102 -0.086003 -0.994231 0.809725 -0.586818 -0.001400 -0.593334 -0.798414 0.102241 0.998429
2013	-0.018600 -0.080100 0.069000 -0.001300 -0.622289 -0.782786 0.992783 -0.094798 0.073699 -0.124431 -0.776010 0.618321 0.000482
2012	-0.018600 -0.080100 0.069000 0.992783 -0.094798 0.073699 0.001300 0.622289 0.782786 -0.124431 -0.776010 0.618321 -0.001350
2011	-0.018600 -0.080100 0.069000 -0.001300 -0.622289 -0.782786 0.992783 -0.094798 0.073699 -0.124431 -0.776010 0.618321 0.994851
2023	0.018600 -0.080200 0.068900 0.000200 -0.620001 -0.784601 0.986601 0.128300 -0.101100 0.156834 -0.773574 0.613973 -0.000131
2022	0.018600 -0.080200 0.068900 0.986601 0.128300 -0.101100 -0.000200 0.620001 0.784601 0.156834 -0.773574 0.613973 -0.003492
2021	0.018600 -0.080200 0.068900 0.000200 -0.620001 -0.784601 0.986601 0.128300 -0.101100 0.156834 -0.773574 0.613973 0.992419
2032	0.016900 -0.097200 0.039700 -0.000300 -0.372910 -0.927926 0.990028 0.130604 -0.052801 0.143252 -0.917110 0.371980 -0.005223
2033	0.016900 -0.097200 0.039700 0.990028 0.130604 -0.052801 0.000300 0.372910 0.927926 0.143252 -0.917110 0.371980 -0.000711
2031	0.016900 -0.097200 0.039700 -0.000300 -0.372910 -0.927926 0.990028 0.130604 -0.052801 0.143252 -0.917110 0.371980 1.000549
2042	-0.017000 -0.097200 0.039700 -0.000500 -0.373789 -0.927473 0.989971 -0.131196 0.052398 -0.136577 -0.917705 0.373038 -0.004021
2043	-0.017000 -0.097200 0.039700 0.989971 -0.131196 0.052398 0.000500 0.373789 0.927473 -0.136577 -0.917705 0.373038 0.002096
2041	-0.017000 -0.097200 0.039700 -0.000500 -0.373789 -0.927473 0.989971 -0.131196 0.052398 -0.136577 -0.917705 0.373038 1.000317
2113	0.000000 -0.108600 0.007000 -0.000100 -0.168403 -0.985718 0.999819 0.020400 -0.003600 0.018404 -0.985384 0.169291 -0.003669
2112	0.000000 -0.108600 0.007000 0.999819 0.020400 -0.003600 0.000100 0.168403 0.985718 0.018404 -0.985384 0.169291 -0.002748
2111	0.000000 -0.108600 0.007000 -0.000100 -0.168403 -0.985718 0.999819 0.020400 -0.003600 0.018404 -0.985384 0.169291 0.999893
2122	0.000000 -0.110600 -0.027500 0.000000 0.040700 -0.999200 1.000000 -0.000400 0.000000 0.010882 -0.999010 -0.028867 -0.003193
2123	0.000000 -0.110600 -0.027500 1.000000 -0.000400 0.000000 0.000000 -0.040700 0.999200 0.010882 -0.999010 -0.028867 -0.001347
2121	0.000000 -0.110600 -0.027500 0.000000 0.040700 -0.999200 1.000000 -0.000400 0.000000 0.010882 -0.999010 -0.028867 0.996768
2133	0.017000 -0.109800 -0.061800 0.009200 -0.010800 -0.999899 0.985499 0.169500 0.007300 0.160539 -0.986930 0.013501 -0.006457
2132	0.017000 -0.109800 -0.061800 0.985499 0.169500 0.007300 -0.009200 0.010800 0.999899 0.160539 -0.986930 0.013501 -0.005490
2131	0.017000 -0.109800 -0.061800 0.009200 -0.010800 -0.999899 0.985499 0.169500 0.007300 0.160539 -0.986930 0.013501 0.998132
2143	-0.017100 -0.109800 -0.061900 -0.006200 -0.012200 -0.999906 0.982706 -0.185001 -0.003800 -0.196257 -0.980395 0.016898 -0.000873
2142	-0.017100 -0.109800 -0.061900 0.982706 -0.185001 -0.003800 0.006200 0.012200 0.999906 -0.196257 -0.980395 0.016898 -0.002281
2141	-0.017100 -0.109800 -0.061900 -0.006200 -0.012200 -0.999906 0.982706 -0.185001 -0.003800 -0.196257 -0.980395 0.016898 0.995188
2212	0.051700 -0.027600 0.092800 0.859962 0.026999 -0.509577 0.107595 0.966557 0.232790 0.497406 -0.254567 0.829316 -0.002564
2213	0.051700 -0.027600 0.092800 0.107595 0.966557 0.232790 -0.859962 -0.026999 0.509577 0.497406 -0.254567 0.829316 -0.002432
2211	0.051700 -0.027600 0.092800 0.859962 0.026999 -0.509577 0.107595 0.966557 0.232790 0.497406 -0.254567 0.829316 0.996296
2223	0.078600 -0.028400 0.069800 0.627473 -0.042698 -0.777467 0.223290 0.966359 0.127195 0.744692 -0.256385 0.616182 -0.001936
2222	0.078600 -0.028400 0.069800 0.223290 0.966359 0.127195 -0.627473 0.042698 0.777467 0.744692 -0.256385 0.616182 -0.006295
2221	0.078600 -0.028400 0.069800 0.627473 -0.042698 -0.777467 0.223290 0.966359 0.127195 0.744692 -0.256385 0.616182 0.999896
2233	0.055300 -0.062800 0.070600 0.377694 -0.493292 -0.783588 0.759388 0.649190 -0.042699 0.523290 -0.588703 0.616108 -0.000227
2232	0.055300 -0.062800 0.070600 0.759388 0.649190 -0.042699 -0.377694 0.493292 0.783588 0.523290 -0.588703 0.616108 -0.001484
2231	0.055300 -0.062800 0.070600 0.377694 -0.493292 -0.783588 0.759388 0.649190 -0.042699 0.523290 -0.588703 0.616108 0.992897
2242	0.018200 -0.054200 0.092200 -0.069799 -0.841688 -0.535392 0.989086 0.011400 -0.146898 0.130643 -0.537807 0.832879 -0.000262
2243	0.018200 -0.054200 0.092200 0.989086 0.011400 -0.146898 0.069799 0.841688 0.535392 0.130643 -0.537807 0.832879 -0.001287
2241	0.018200 -0.054200 0.092200 -0.069799 -0.841688 -0.535392 0.989086 0.011400 -0.146898 0.130643 -0.537807 0.832879 0.993448
2312	0.051300 -0.086100 0.039700 0.153007 -0.302213 -0.940940 0.880738 0.473520 -0.008900 0.448599 -0.826236 0.340693 -0.006245
2313	0.051300 -0.086100 0.039700 0.880738 0.473520 -0.008900 -0.153007 0.302213 0.940940 0.448599 -0.826236 0.340693 -0.000962
2311	0.051300 -0.086100 0.039700 0.153007 -0.302213 -0.940940 0.880738 0.473520 -0.008900 0.448599 -0.826236 0.340693 0.995563
2323	0.063700 -0.088400 0.006200 0.056398 -0.071297 -0.995860 0.798667 0.601776 0.002200 0.590835 -0.800028 0.103836 -0.001068
2322	0.063700 -0.088400 0.006200 0.798667 0.601776 0.002200 -0.056398 0.071297 0.995860 0.590835 -0.800028 0.103836 -0.000692
2321	0.063700 -0.088400 0.006200 0.056398 -0.071297 -0.995860 0.798667 0.601776 0.002200 0.590835 -0.800028 0.103836 1.012341
2332	0.033000 -0.105100 -0.027700 -0.004900 0.023300 -0.999715 0.951414 0.307905 0.002500 0.320032 -0.947154 -0.021707 -0.005519
2333	0.033000 -0.105100 -0.027700 0.951414 0.307905 0.002500 0.004900 -0.023300 0.999715 0.320032 -0.947154 -0.021707 -0.002020
2331	0.033000 -0.105100 -0.027700 -0.004900 0.023300 -0.999715 0.951414 0.307905 0.002500 0.320032 -0.947154 -0.021707 0.998331
2343	0.033300 -0.103400 0.006300 0.041500 -0.123300 -0.991501 0.948001 0.318300 0.000100 0.318679 -0.939496 0.125648 -0.000907
2342	0.033300 -0.103400 0.006300 0.948001 0.318300 0.000100 -0.041500 0.123300 0.991501 0.318679 -0.939496 0.125648 -0.005873
2341	0.033300 -0.103400 0.006300 0.041500 -0.123300 -0.991501 0.948001 0.318300 0.000100 0.318679 -0.939496 0.125648 0.998296
2412	0.095200 -0.030600 0.039200 0.323999 -0.063600 -0.943897 0.309099 0.950098 0.042100 0.898380 -0.303303 0.317650 -0.005275
2413	0.095200 -0.030600 0.039200 0.309099 0.950098 0.042100 -0.323999 0.063600 0.943897 0.898380 -0.303303 0.317650 -0.002378
2411	0.095200 -0.030600 0.039200 0.323999 -0.063600 -0.943897 0.309099 0.950098 0.042100 0.898380 -0.303303 0.317650 1.001046
2423	0.101700 -0.033800 0.005800 0.066101 -0.028300 -0.997412 0.314004 0.949411 -0.006100 0.946489 -0.314405 0.072457 -0.002858
2422	0.101700 -0.033800 0.005800 0.314004 0.949411 -0.006100 -0.066101 0.028300 0.997412 0.946489 -0.314405 0.072457 -0.000814
2421	0.101700 -0.033800 0.005800 0.066101 -0.028300 -0.997412 0.314004 0.949411 -0.006100 0.946489 -0.314405 0.072457 0.997225
2433	0.086600 -0.063900 0.005600 0.060099 -0.044799 -0.997187 0.549293 0.835589 -0.004400 0.830400 -0.551586 0.078609 -0.003845
2432	0.086600 -0.063900 0.005600 0.549293 0.835589 -0.004400 -0.060099 0.044799 0.997187 0.830400 -0.551586 0.078609 -0.002880
2431	0.086600 -0.063900 0.005600 0.060099 -0.044799 -0.997187 0.549293 0.835589 -0.004400 0.830400 -0.551586 0.078609 1.002967
2442	0.078100 -0.062900 0.039400 0.259507 -0.203505 -0.944125 0.598716 0.800921 -0.008000 0.760787 -0.560466 0.327224 -0.005281
2443	0.078100 -0.062900 0.039400 0.598716 0.800921 -0.008000 -0.259507 0.203505 0.944125 0.760787 -0.560466 0.327224 -0.003131
2441	0.078100 -0.062900 0.039400 0.259507 -0.203505 -0.944125 0.598716 0.800921 -0.008000 0.760787 -0.560466 0.327224 1.003633
2512	0.063000 -0.090600 -0.027600 -0.013600 0.025200 -0.999598 0.808198 0.588899 0.003800 0.598394 -0.800115 -0.041274 -0.006297
2513	0.063000 -0.090600 -0.027600 0.808198 0.588899 0.003800 0.013600 -0.025200 0.999598 0.598394 -0.800115 -0.041274 -0.004020
2511	0.063000 -0.090600 -0.027600 -0.013600 0.025200 -0.999598 0.808198 0.588899 0.003800 0.598394 -0.800115 -0.041274 0.992122
2522	0.086100 -0.066100 -0.028000 -0.021299 0.011700 -0.999673 0.571385 0.820678 -0.002600 0.828587 -0.559212 -0.026762 -0.003108
2523	0.086100 -0.066100 -0.028000 0.571385 0.820678 -0.002600 0.021299 -0.011700 0.999673 0.828587 -0.559212 -0.026762 -0.005492
2521	0.086100 -0.066100 -0.028000 -0.021299 0.011700 -0.999673 0.571385 0.820678 -0.002600 0.828587 -0.559212 -0.026762 1.002540
2533	0.075700 -0.079800 -0.062000 0.014300 -0.000900 -0.999897 0.690798 0.722998 0.009300 0.711284 -0.702760 0.013499 -0.003618
2532	0.075700 -0.079800 -0.062000 0.690798 0.722998 0.009300 -0.014300 0.000900 0.999897 0.711284 -0.702760 0.013499 -0.001124
2531	0.075700 -0.079800 -0.062000 0.014300 -0.000900 -0.999897 0.690798 0.722998 0.009300 0.711284 -0.702760 0.013499 0.997574
2543	0.048800 -0.099400 -0.062100 0.011000 -0.007000 -0.999915 0.903014 0.429706 0.007000 0.423284 -0.905767 0.019390 -0.005252
2542	0.048800 -0.099400 -0.062100 0.903014 0.429706 0.007000 -0.011000 0.007000 0.999915 0.423284 -0.905767 0.019390 -0.003977
2541	0.048800 -0.099400 -0.062100 0.011000 -0.007000 -0.999915 0.903014 0.429706 0.007000 0.423284 -0.905767 0.019390 1.005880
2612	0.108700 -0.003300 -0.028000 -0.020500 0.003400 -0.999813 0.081001 0.996713 0.001700 0.997441 -0.067951 -0.021052 -0.003854
2613	0.108700 -0.003300 -0.028000 0.081001 0.996713 0.001700 0.020500 -0.003400 0.999813 0.997441 -0.067951 -0.021052 -0.002625
2611	0.108700 -0.003300 -0.028000 -0.020500 0.003400 -0.999813 0.081001 0.996713 0.001700 0.997441 -0.067951 -0.021052 0.998564
2623	0.106800 -0.020600 -0.062100 0.013100 0.004500 -0.999904 0.215701 0.976404 0.007200 0.974792 -0.222817 0.010427 -0.007251
2622	0.106800 -0.020600 -0.062100 0.215701 0.976404 0.007200 -0.013100 -0.004500 0.999904 0.974792 -0.222817 0.010427 -0.001027
2621	0.106800 -0.020600 -0.062100 0.013100 0.004500 -0.999904 0.215701 0.976404 0.007200 0.974792 -0.222817 0.010427 1.001987
2633	0.095100 -0.052400 -0.062000 0.015200 0.003300 -0.999879 0.476590 0.879082 0.010100 0.876351 -0.481473 0.013498 -0.004325
2632	0.095100 -0.052400 -0.062000 0.476590 0.879082 0.010100 -0.015200 -0.003300 0.999879 0.876351 -0.481473 0.013498 -0.003264
2631	0.095100 -0.052400 -0.062000 0.015200 0.003300 -0.999879 0.476590 0.879082 0.010100 0.876351 -0.481473 0.013498 0.997571
2642	0.101700 -0.036100 -0.027800 -0.027699 0.005300 -0.999573 0.341491 0.939874 -0.004500 0.943844 -0.329245 -0.027238 -0.003408
2643	0.101700 -0.036100 -0.027800 0.341491 0.939874 -0.004500 0.027699 -0.005300 0.999573 0.943844 -0.329245 -0.027238 -0.002395
2641	0.101700 -0.036100 -0.027800 -0.027699 0.005300 -0.999573 0.341491 0.939874 -0.004500 0.943844 -0.329245 -0.027238 0.998351
